,name,year,quarter,count
0,Ruby,2011,3,965
1,JavaScript,2011,3,694
2,Python,2011,3,619
3,PHP,2011,3,560
4,Java,2011,3,420
5,C++,2011,3,339
6,C,2011,3,163
7,C#,2011,3,159
8,Ruby,2011,4,4361
9,JavaScript,2011,4,4003
10,Python,2011,4,3145
11,PHP,2011,4,2841
12,C++,2011,4,1941
13,Java,2011,4,1808
14,C,2011,4,1113
15,C#,2011,4,729
16,Objective-C,2011,4,496
17,Shell,2011,4,306
18,Scala,2011,4,305
19,HTML,2011,4,255
20,Haskell,2011,4,169
21,Factor,2011,4,125
22,CSS,2011,4,120
23,Clojure,2011,4,114
24,Erlang,2011,4,111
25,Rust,2011,4,107
26,ActionScript,2011,4,106
27,JavaScript,2012,1,8910
28,Ruby,2012,1,7317
29,Python,2012,1,6774
30,PHP,2012,1,4858
31,Java,2012,1,4429
32,C++,2012,1,3421
33,C,2012,1,1544
34,C#,2012,1,1305
35,Objective-C,2012,1,1111
36,CoffeeScript,2012,1,483
37,Scala,2012,1,446
38,HTML,2012,1,370
39,Shell,2012,1,349
40,Haskell,2012,1,310
41,CSS,2012,1,265
42,Erlang,2012,1,199
43,Emacs Lisp,2012,1,170
44,Clojure,2012,1,142
45,TypeScript,2012,1,138
46,ActionScript,2012,1,129
47,XSLT,2012,1,122
48,Go,2012,1,111
49,JavaScript,2012,2,26724
50,Python,2012,2,19908
51,Ruby,2012,2,18591
52,Java,2012,2,13462
53,PHP,2012,2,12853
54,C++,2012,2,9933
55,C,2012,2,4163
56,Objective-C,2012,2,3181
57,C#,2012,2,3095
58,Scala,2012,2,1463
59,Shell,2012,2,1430
60,HTML,2012,2,1288
61,CSS,2012,2,1011
62,CoffeeScript,2012,2,874
63,Haskell,2012,2,802
64,Erlang,2012,2,586
65,Perl,2012,2,504
66,Emacs Lisp,2012,2,474
67,Go,2012,2,426
68,Clojure,2012,2,404
69,ActionScript,2012,2,390
70,Groovy,2012,2,362
71,ColdFusion,2012,2,303
72,Lua,2012,2,290
73,XSLT,2012,2,277
74,TypeScript,2012,2,248
75,Elixir,2012,2,211
76,Smalltalk,2012,2,210
77,Objective-J,2012,2,202
78,Vim script,2012,2,163
79,LiveScript,2012,2,142
80,D,2012,2,130
81,Common Lisp,2012,2,124
82,Factor,2012,2,120
83,Haxe,2012,2,116
84,Kotlin,2012,2,107
85,Brightscript,2012,2,106
86,AGS Script,2012,2,106
87,JavaScript,2012,3,31557
88,Python,2012,3,21936
89,Ruby,2012,3,18847
90,PHP,2012,3,16507
91,Java,2012,3,14231
92,C++,2012,3,10033
93,C,2012,3,4556
94,Objective-C,2012,3,3897
95,C#,2012,3,3685
96,HTML,2012,3,2406
97,Shell,2012,3,2176
98,CoffeeScript,2012,3,1582
99,AutoHotkey,2012,3,1515
100,CSS,2012,3,1287
101,Scala,2012,3,1204
102,Go,2012,3,1177
103,Haskell,2012,3,888
104,Emacs Lisp,2012,3,657
105,Clojure,2012,3,585
106,Erlang,2012,3,530
107,Jupyter Notebook,2012,3,527
108,Lua,2012,3,497
109,Perl,2012,3,414
110,Groovy,2012,3,404
111,Factor,2012,3,290
112,Objective-J,2012,3,268
113,TypeScript,2012,3,265
114,ActionScript,2012,3,256
115,XSLT,2012,3,191
116,ColdFusion,2012,3,188
117,LiveScript,2012,3,183
118,Vim script,2012,3,173
119,Smalltalk,2012,3,163
120,Elixir,2012,3,155
121,Haxe,2012,3,148
122,DCPU-16 ASM,2012,3,146
123,D,2012,3,131
124,VimL,2012,3,107
125,AGS Script,2012,3,106
126,JavaScript,2012,4,35627
127,Python,2012,4,29765
128,Ruby,2012,4,20850
129,PHP,2012,4,19848
130,Java,2012,4,17209
131,C++,2012,4,12373
132,C,2012,4,6160
133,Objective-C,2012,4,4644
134,C#,2012,4,4572
135,HTML,2012,4,2289
136,CoffeeScript,2012,4,2068
137,Scala,2012,4,1972
138,Shell,2012,4,1968
139,CSS,2012,4,1887
140,Haskell,2012,4,1559
141,Go,2012,4,1384
142,Lua,2012,4,1366
143,Emacs Lisp,2012,4,844
144,Erlang,2012,4,610
145,Perl,2012,4,535
146,Clojure,2012,4,481
147,TypeScript,2012,4,411
148,Elixir,2012,4,319
149,Groovy,2012,4,313
150,XSLT,2012,4,267
151,Vim script,2012,4,265
152,ColdFusion,2012,4,250
153,Common Lisp,2012,4,214
154,Visual Basic,2012,4,201
155,ActionScript,2012,4,173
156,Kotlin,2012,4,165
157,VimL,2012,4,153
158,LiveScript,2012,4,148
159,F#,2012,4,134
160,Objective-J,2012,4,121
161,Haxe,2012,4,114
162,Roff,2012,4,110
163,Matlab,2012,4,106
164,Racket,2012,4,101
165,JavaScript,2013,1,53707
166,Java,2013,1,37298
167,Python,2013,1,34261
168,Ruby,2013,1,29090
169,PHP,2013,1,28011
170,C++,2013,1,17814
171,C,2013,1,11148
172,C#,2013,1,6936
173,Objective-C,2013,1,6455
174,HTML,2013,1,4219
175,Scala,2013,1,3664
176,CSS,2013,1,3293
177,Shell,2013,1,3209
178,CoffeeScript,2013,1,2668
179,Go,2013,1,2056
180,TypeScript,2013,1,1382
181,Lua,2013,1,1335
182,Haskell,2013,1,1294
183,Emacs Lisp,2013,1,1160
184,Perl,2013,1,921
185,Objective-J,2013,1,752
186,Groovy,2013,1,731
187,Clojure,2013,1,609
188,Erlang,2013,1,589
189,ActionScript,2013,1,522
190,Vim script,2013,1,512
191,XSLT,2013,1,452
192,Jupyter Notebook,2013,1,430
193,ColdFusion,2013,1,289
194,SQF,2013,1,284
195,Julia,2013,1,281
196,Common Lisp,2013,1,257
197,Elixir,2013,1,253
198,Standard ML,2013,1,238
199,Kotlin,2013,1,220
200,Vala,2013,1,212
201,Haxe,2013,1,208
202,Cuda,2013,1,180
203,VimL,2013,1,165
204,OCaml,2013,1,152
205,TeX,2013,1,128
206,Matlab,2013,1,128
207,Dart,2013,1,124
208,PowerShell,2013,1,123
209,Factor,2013,1,118
210,Roff,2013,1,118
211,LiveScript,2013,1,110
212,AGS Script,2013,1,108
213,DM,2013,1,100
214,Pascal,2013,1,100
215,JavaScript,2013,2,62554
216,Python,2013,2,43459
217,Java,2013,2,32265
218,PHP,2013,2,31912
219,Ruby,2013,2,31140
220,C++,2013,2,16214
221,C,2013,2,10058
222,C#,2013,2,8437
223,Objective-C,2013,2,6368
224,CSS,2013,2,4465
225,HTML,2013,2,4047
226,Go,2013,2,3131
227,Shell,2013,2,2879
228,Scala,2013,2,2852
229,CoffeeScript,2013,2,2826
230,Lua,2013,2,1634
231,Perl,2013,2,1209
232,Haskell,2013,2,1209
233,Emacs Lisp,2013,2,1205
234,TypeScript,2013,2,1148
235,Erlang,2013,2,663
236,Vim script,2013,2,612
237,Groovy,2013,2,573
238,DM,2013,2,569
239,Clojure,2013,2,567
240,Elixir,2013,2,522
241,ActionScript,2013,2,409
242,Kotlin,2013,2,361
243,Puppet,2013,2,353
244,Vala,2013,2,335
245,Haxe,2013,2,335
246,XSLT,2013,2,330
247,Julia,2013,2,302
248,PostScript,2013,2,289
249,Dart,2013,2,272
250,Jupyter Notebook,2013,2,266
251,OCaml,2013,2,257
252,Common Lisp,2013,2,256
253,Objective-J,2013,2,223
254,VimL,2013,2,201
255,Swift,2013,2,197
256,ColdFusion,2013,2,189
257,Standard ML,2013,2,163
258,Matlab,2013,2,140
259,Makefile,2013,2,127
260,Factor,2013,2,117
261,PowerShell,2013,2,116
262,TeX,2013,2,112
263,LiveScript,2013,2,100
264,JavaScript,2013,3,79518
265,Python,2013,3,45367
266,Java,2013,3,35624
267,Ruby,2013,3,33098
268,PHP,2013,3,32796
269,C++,2013,3,16577
270,C,2013,3,11127
271,C#,2013,3,9499
272,Objective-C,2013,3,8331
273,CSS,2013,3,6582
274,HTML,2013,3,5838
275,Go,2013,3,4089
276,Scala,2013,3,3785
277,Shell,2013,3,3540
278,CoffeeScript,2013,3,3412
279,Lua,2013,3,2041
280,TypeScript,2013,3,2013
281,Haskell,2013,3,1500
282,Emacs Lisp,2013,3,1444
283,Perl,2013,3,1422
284,Groovy,2013,3,859
285,Erlang,2013,3,706
286,Clojure,2013,3,665
287,Vim script,2013,3,650
288,VimL,2013,3,647
289,XSLT,2013,3,643
290,Puppet,2013,3,589
291,Elixir,2013,3,586
292,Kotlin,2013,3,573
293,Julia,2013,3,479
294,Eiffel,2013,3,474
295,DM,2013,3,447
296,ActionScript,2013,3,436
297,Haxe,2013,3,361
298,TeX,2013,3,358
299,Swift,2013,3,350
300,OCaml,2013,3,313
301,Vala,2013,3,288
302,Jupyter Notebook,2013,3,267
303,D,2013,3,243
304,Dart,2013,3,241
305,Common Lisp,2013,3,228
306,PowerShell,2013,3,213
307,Rust,2013,3,208
308,Objective-J,2013,3,192
309,R,2013,3,190
310,ColdFusion,2013,3,186
311,Assembly,2013,3,162
312,Matlab,2013,3,159
313,F#,2013,3,150
314,API Blueprint,2013,3,134
315,LiveScript,2013,3,133
316,Smalltalk,2013,3,130
317,Visual Basic,2013,3,119
318,Scheme,2013,3,113
319,JavaScript,2013,4,92210
320,Python,2013,4,53499
321,Java,2013,4,41646
322,PHP,2013,4,38105
323,Ruby,2013,4,35217
324,C++,2013,4,26309
325,C#,2013,4,12978
326,C,2013,4,12138
327,Objective-C,2013,4,10617
328,HTML,2013,4,9827
329,CSS,2013,4,8236
330,Shell,2013,4,5221
331,Go,2013,4,4951
332,CoffeeScript,2013,4,4645
333,Scala,2013,4,4635
334,TypeScript,2013,4,2916
335,Perl,2013,4,2532
336,Emacs Lisp,2013,4,1791
337,Lua,2013,4,1597
338,Haskell,2013,4,1421
339,Swift,2013,4,1360
340,Groovy,2013,4,1340
341,Erlang,2013,4,1024
342,Kotlin,2013,4,1011
343,Clojure,2013,4,914
344,ActionScript,2013,4,722
345,Vim script,2013,4,610
346,Julia,2013,4,608
347,Puppet,2013,4,600
348,OCaml,2013,4,583
349,VimL,2013,4,487
350,F#,2013,4,480
351,Vala,2013,4,453
352,XSLT,2013,4,424
353,DM,2013,4,404
354,D,2013,4,377
355,Jupyter Notebook,2013,4,371
356,Elixir,2013,4,351
357,PowerShell,2013,4,345
358,TeX,2013,4,333
359,Brightscript,2013,4,299
360,Haxe,2013,4,278
361,Objective-J,2013,4,277
362,ColdFusion,2013,4,275
363,Rust,2013,4,265
364,Dart,2013,4,264
365,R,2013,4,245
366,LiveScript,2013,4,202
367,Ceylon,2013,4,187
368,Fortran,2013,4,167
369,Scheme,2013,4,163
370,Matlab,2013,4,152
371,Nix,2013,4,144
372,Common Lisp,2013,4,140
373,SCSS,2013,4,139
374,Eiffel,2013,4,128
375,Makefile,2013,4,116
376,QML,2013,4,114
377,Max,2013,4,113
378,Racket,2013,4,103
379,Tcl,2013,4,102
380,JavaScript,2014,1,124212
381,Python,2014,1,70525
382,Java,2014,1,59987
383,PHP,2014,1,52890
384,Ruby,2014,1,39506
385,C++,2014,1,24462
386,C,2014,1,16649
387,C#,2014,1,14511
388,Objective-C,2014,1,11957
389,HTML,2014,1,11416
390,CSS,2014,1,10483
391,CoffeeScript,2014,1,7286
392,Go,2014,1,6875
393,Shell,2014,1,6237
394,Scala,2014,1,5677
395,TypeScript,2014,1,4695
396,Clojure,2014,1,2275
397,Lua,2014,1,2166
398,Emacs Lisp,2014,1,2109
399,Haskell,2014,1,2072
400,Perl,2014,1,1722
401,Groovy,2014,1,1601
402,Kotlin,2014,1,1405
403,Erlang,2014,1,1124
404,Swift,2014,1,1110
405,Julia,2014,1,1043
406,Vim script,2014,1,979
407,Jupyter Notebook,2014,1,901
408,TeX,2014,1,792
409,DM,2014,1,708
410,F#,2014,1,696
411,Puppet,2014,1,673
412,Dart,2014,1,627
413,OCaml,2014,1,592
414,XSLT,2014,1,590
415,D,2014,1,546
416,Vala,2014,1,545
417,Apex,2014,1,528
418,Elixir,2014,1,508
419,PowerShell,2014,1,493
420,VimL,2014,1,486
421,Haxe,2014,1,464
422,ActionScript,2014,1,428
423,R,2014,1,405
424,Rust,2014,1,394
425,ColdFusion,2014,1,267
426,Roff,2014,1,254
427,Common Lisp,2014,1,252
428,Scheme,2014,1,237
429,QML,2014,1,236
430,Ragel in Ruby Host,2014,1,205
431,Nix,2014,1,199
432,LiveScript,2014,1,198
433,Brightscript,2014,1,195
434,Objective-J,2014,1,188
435,Makefile,2014,1,180
436,TSQL,2014,1,176
437,Assembly,2014,1,174
438,Standard ML,2014,1,155
439,PLpgSQL,2014,1,142
440,Matlab,2014,1,142
441,Visual Basic,2014,1,132
442,Max,2014,1,122
443,CMake,2014,1,117
444,ApacheConf,2014,1,110
445,Processing,2014,1,107
446,Mako,2014,1,105
447,JavaScript,2014,2,137097
448,Python,2014,2,80000
449,Java,2014,2,70886
450,PHP,2014,2,50665
451,Ruby,2014,2,43668
452,C++,2014,2,31904
453,C,2014,2,18007
454,C#,2014,2,17304
455,HTML,2014,2,15754
456,Objective-C,2014,2,13531
457,Haskell,2014,2,10940
458,CSS,2014,2,10717
459,Go,2014,2,10660
460,CoffeeScript,2014,2,8330
461,Shell,2014,2,7081
462,Scala,2014,2,6334
463,TypeScript,2014,2,6041
464,Lua,2014,2,2456
465,Emacs Lisp,2014,2,1950
466,Clojure,2014,2,1931
467,Rust,2014,2,1697
468,Perl,2014,2,1690
469,Groovy,2014,2,1558
470,Swift,2014,2,1531
471,Erlang,2014,2,1414
472,Kotlin,2014,2,1317
473,Julia,2014,2,1129
474,Jupyter Notebook,2014,2,1002
475,TeX,2014,2,906
476,Vim script,2014,2,799
477,F#,2014,2,791
478,Dart,2014,2,711
479,R,2014,2,702
480,DM,2014,2,651
481,Elixir,2014,2,599
482,ActionScript,2014,2,597
483,VimL,2014,2,550
484,D,2014,2,536
485,Puppet,2014,2,491
486,PowerShell,2014,2,475
487,Nix,2014,2,448
488,Apex,2014,2,405
489,OCaml,2014,2,398
490,Vala,2014,2,382
491,Haxe,2014,2,381
492,Objective-J,2014,2,377
493,Ragel in Ruby Host,2014,2,374
494,Makefile,2014,2,340
495,PLpgSQL,2014,2,323
496,XSLT,2014,2,317
497,Standard ML,2014,2,309
498,Common Lisp,2014,2,293
499,LiveScript,2014,2,288
500,Assembly,2014,2,275
501,QML,2014,2,263
502,Matlab,2014,2,225
503,Fortran,2014,2,225
504,Roff,2014,2,213
505,ColdFusion,2014,2,183
506,Visual Basic,2014,2,179
507,TSQL,2014,2,178
508,Scheme,2014,2,177
509,Eagle,2014,2,167
510,ASP,2014,2,156
511,Smalltalk,2014,2,147
512,MATLAB,2014,2,144
513,Prolog,2014,2,135
514,Ceylon,2014,2,131
515,SourcePawn,2014,2,129
516,CMake,2014,2,117
517,1C Enterprise,2014,2,116
518,Arduino,2014,2,115
519,Racket,2014,2,108
520,Gettext Catalog,2014,2,104
521,SQF,2014,2,102
522,SQL,2014,2,100
523,JavaScript,2014,3,155730
524,Python,2014,3,80733
525,Java,2014,3,65404
526,PHP,2014,3,58587
527,Ruby,2014,3,43085
528,C++,2014,3,32832
529,C#,2014,3,23982
530,C,2014,3,18428
531,HTML,2014,3,18089
532,Objective-C,2014,3,14475
533,Go,2014,3,13886
534,CSS,2014,3,12032
535,CoffeeScript,2014,3,9754
536,Shell,2014,3,8707
537,TypeScript,2014,3,8480
538,Scala,2014,3,8100
539,Haskell,2014,3,4152
540,Swift,2014,3,2896
541,Lua,2014,3,2869
542,Clojure,2014,3,2344
543,Rust,2014,3,2241
544,Emacs Lisp,2014,3,2147
545,Groovy,2014,3,1925
546,Perl,2014,3,1731
547,Kotlin,2014,3,1529
548,Erlang,2014,3,1375
549,Julia,2014,3,1368
550,Jupyter Notebook,2014,3,1276
551,Elixir,2014,3,1106
552,R,2014,3,1052
553,F#,2014,3,965
554,Dart,2014,3,765
555,DM,2014,3,739
556,Vim script,2014,3,724
557,ActionScript,2014,3,719
558,Makefile,2014,3,706
559,PowerShell,2014,3,600
560,OCaml,2014,3,591
561,D,2014,3,588
562,Apex,2014,3,584
563,TeX,2014,3,507
564,Objective-J,2014,3,455
565,VimL,2014,3,452
566,Puppet,2014,3,448
567,Assembly,2014,3,442
568,Vala,2014,3,397
569,ColdFusion,2014,3,388
570,Nix,2014,3,375
571,Haxe,2014,3,372
572,Common Lisp,2014,3,330
573,XSLT,2014,3,318
574,MATLAB,2014,3,249
575,Matlab,2014,3,248
576,Fortran,2014,3,248
577,SQF,2014,3,210
578,Smalltalk,2014,3,198
579,LiveScript,2014,3,195
580,Visual Basic,2014,3,195
581,TSQL,2014,3,185
582,1C Enterprise,2014,3,173
583,Inno Setup,2014,3,171
584,SourcePawn,2014,3,170
585,Ceylon,2014,3,165
586,Arduino,2014,3,164
587,Standard ML,2014,3,158
588,Scheme,2014,3,154
589,QML,2014,3,151
590,Eagle,2014,3,147
591,PostScript,2014,3,142
592,PLpgSQL,2014,3,140
593,Pascal,2014,3,137
594,Roff,2014,3,137
595,CMake,2014,3,125
596,ApacheConf,2014,3,118
597,Dockerfile,2014,3,114
598,ooc,2014,3,110
599,Cuda,2014,3,107
600,Xtend,2014,3,105
601,JavaScript,2014,4,179390
602,Python,2014,4,81662
603,Java,2014,4,74304
604,PHP,2014,4,64516
605,C++,2014,4,53125
606,Ruby,2014,4,47394
607,C#,2014,4,22183
608,C,2014,4,20525
609,HTML,2014,4,17257
610,Go,2014,4,16332
611,Objective-C,2014,4,14187
612,CSS,2014,4,13285
613,TypeScript,2014,4,10732
614,Shell,2014,4,9887
615,CoffeeScript,2014,4,9738
616,Scala,2014,4,7946
617,Lua,2014,4,4067
618,Swift,2014,4,3917
619,Clojure,2014,4,3495
620,Haskell,2014,4,3213
621,Rust,2014,4,3117
622,Kotlin,2014,4,3000
623,Groovy,2014,4,2614
624,Emacs Lisp,2014,4,2482
625,Perl,2014,4,2101
626,Erlang,2014,4,1575
627,F#,2014,4,1499
628,DM,2014,4,1390
629,R,2014,4,1144
630,Julia,2014,4,1128
631,Makefile,2014,4,1099
632,Jupyter Notebook,2014,4,1042
633,Vim script,2014,4,991
634,OCaml,2014,4,969
635,Haxe,2014,4,787
636,Dart,2014,4,731
637,TeX,2014,4,717
638,Elixir,2014,4,659
639,PowerShell,2014,4,655
640,ActionScript,2014,4,609
641,Puppet,2014,4,609
642,Nix,2014,4,585
643,XSLT,2014,4,565
644,Visual Basic,2014,4,540
645,VimL,2014,4,489
646,Apex,2014,4,446
647,Vala,2014,4,410
648,TSQL,2014,4,410
649,QML,2014,4,383
650,D,2014,4,380
651,Common Lisp,2014,4,378
652,PostScript,2014,4,342
653,Matlab,2014,4,337
654,MATLAB,2014,4,324
655,Dockerfile,2014,4,275
656,ColdFusion,2014,4,258
657,Eagle,2014,4,254
658,Objective-J,2014,4,254
659,SQF,2014,4,248
660,Smalltalk,2014,4,228
661,Gherkin,2014,4,211
662,Pascal,2014,4,207
663,SCSS,2014,4,193
664,PLpgSQL,2014,4,192
665,SourcePawn,2014,4,185
666,Fortran,2014,4,184
667,Assembly,2014,4,176
668,PureScript,2014,4,164
669,LiveScript,2014,4,159
670,Factor,2014,4,158
671,CMake,2014,4,157
672,F*,2014,4,154
673,ApacheConf,2014,4,152
674,LabVIEW,2014,4,147
675,Mathematica,2014,4,142
676,Scheme,2014,4,142
677,Standard ML,2014,4,141
678,Elm,2014,4,127
679,OpenEdge ABL,2014,4,123
680,Arduino,2014,4,115
681,Tcl,2014,4,114
682,Batchfile,2014,4,110
683,ABAP,2014,4,110
684,Ceylon,2014,4,102
685,JavaScript,2015,1,222962
686,Python,2015,1,111594
687,Java,2015,1,94969
688,PHP,2015,1,79557
689,Ruby,2015,1,55780
690,C++,2015,1,43846
691,C#,2015,1,32578
692,HTML,2015,1,26450
693,C,2015,1,24850
694,Go,2015,1,23597
695,CSS,2015,1,17468
696,Objective-C,2015,1,15661
697,TypeScript,2015,1,14234
698,Shell,2015,1,13407
699,CoffeeScript,2015,1,13404
700,Scala,2015,1,9091
701,Lua,2015,1,5154
702,Swift,2015,1,5049
703,Haskell,2015,1,4222
704,Rust,2015,1,4122
705,Kotlin,2015,1,4020
706,Clojure,2015,1,3225
707,Groovy,2015,1,3214
708,Emacs Lisp,2015,1,2977
709,Perl,2015,1,2826
710,Erlang,2015,1,1818
711,R,2015,1,1774
712,DM,2015,1,1676
713,Dart,2015,1,1658
714,Jupyter Notebook,2015,1,1585
715,TeX,2015,1,1490
716,Julia,2015,1,1453
717,F#,2015,1,1348
718,Makefile,2015,1,1321
719,PowerShell,2015,1,1112
720,OCaml,2015,1,1032
721,Vim script,2015,1,1001
722,Elixir,2015,1,888
723,Puppet,2015,1,878
724,Nix,2015,1,790
725,Haxe,2015,1,704
726,D,2015,1,700
727,ApacheConf,2015,1,685
728,QML,2015,1,662
729,Vala,2015,1,658
730,ActionScript,2015,1,555
731,VimL,2015,1,547
732,Visual Basic,2015,1,542
733,MATLAB,2015,1,523
734,XSLT,2015,1,523
735,Apex,2015,1,492
736,ColdFusion,2015,1,490
737,PLpgSQL,2015,1,483
738,TSQL,2015,1,473
739,Matlab,2015,1,458
740,PureScript,2015,1,453
741,Assembly,2015,1,400
742,Common Lisp,2015,1,393
743,Smalltalk,2015,1,380
744,Dockerfile,2015,1,375
745,PLSQL,2015,1,371
746,CMake,2015,1,366
747,SQF,2015,1,334
748,Pascal,2015,1,334
749,PostScript,2015,1,271
750,Eagle,2015,1,267
751,SourcePawn,2015,1,266
752,SCSS,2015,1,258
753,LabVIEW,2015,1,249
754,LiveScript,2015,1,248
755,Scheme,2015,1,248
756,Fortran,2015,1,219
757,Objective-J,2015,1,205
758,Roff,2015,1,202
759,Prolog,2015,1,189
760,1C Enterprise,2015,1,183
761,Hack,2015,1,178
762,Racket,2015,1,177
763,Gherkin,2015,1,176
764,Arduino,2015,1,170
765,Elm,2015,1,161
766,Standard ML,2015,1,152
767,M,2015,1,149
768,AutoHotkey,2015,1,148
769,F*,2015,1,146
770,Cucumber,2015,1,133
771,Rich Text Format,2015,1,127
772,Inno Setup,2015,1,127
773,Mako,2015,1,121
774,Max,2015,1,116
775,Cuda,2015,1,109
776,Vue,2015,1,109
777,Smarty,2015,1,107
778,Perl 6,2015,1,106
779,Web Ontology Language,2015,1,104
780,OpenEdge ABL,2015,1,102
781,Mathematica,2015,1,101
782,Processing,2015,1,100
783,SQLPL,2015,1,100
784,JavaScript,2015,2,252257
785,Python,2015,2,124291
786,Java,2015,2,107854
787,PHP,2015,2,82429
788,Ruby,2015,2,53894
789,C++,2015,2,48149
790,C#,2015,2,37234
791,Go,2015,2,32800
792,HTML,2015,2,29012
793,C,2015,2,27949
794,TypeScript,2015,2,19885
795,CSS,2015,2,19800
796,Objective-C,2015,2,17164
797,CoffeeScript,2015,2,16133
798,Shell,2015,2,16022
799,Scala,2015,2,11014
800,Swift,2015,2,8403
801,Dart,2015,2,6293
802,Rust,2015,2,4919
803,Lua,2015,2,4820
804,Kotlin,2015,2,4718
805,Haskell,2015,2,4316
806,Perl,2015,2,4061
807,Groovy,2015,2,3500
808,Clojure,2015,2,3168
809,Emacs Lisp,2015,2,2853
810,R,2015,2,2464
811,Erlang,2015,2,2358
812,DM,2015,2,1886
813,OCaml,2015,2,1836
814,PowerShell,2015,2,1429
815,F#,2015,2,1401
816,Jupyter Notebook,2015,2,1358
817,Julia,2015,2,1342
818,Makefile,2015,2,1267
819,Elixir,2015,2,1260
820,Vim script,2015,2,1202
821,TeX,2015,2,1170
822,PLpgSQL,2015,2,904
823,Smalltalk,2015,2,897
824,TSQL,2015,2,777
825,Haxe,2015,2,758
826,QML,2015,2,747
827,Puppet,2015,2,730
828,Nix,2015,2,722
829,D,2015,2,709
830,MATLAB,2015,2,705
831,Vala,2015,2,655
832,Pascal,2015,2,619
833,ActionScript,2015,2,609
834,Visual Basic,2015,2,604
835,Matlab,2015,2,596
836,XSLT,2015,2,588
837,VimL,2015,2,582
838,SQF,2015,2,519
839,Common Lisp,2015,2,505
840,CMake,2015,2,505
841,PureScript,2015,2,479
842,Dockerfile,2015,2,456
843,Apex,2015,2,448
844,Assembly,2015,2,351
845,PLSQL,2015,2,346
846,Fortran,2015,2,290
847,LiveScript,2015,2,269
848,Batchfile,2015,2,260
849,Eagle,2015,2,259
850,ApacheConf,2015,2,258
851,Elm,2015,2,249
852,Scheme,2015,2,215
853,APL,2015,2,213
854,VHDL,2015,2,206
855,Standard ML,2015,2,203
856,ColdFusion,2015,2,184
857,Arduino,2015,2,176
858,ASP,2015,2,175
859,Nginx,2015,2,171
860,Thrift,2015,2,163
861,OpenSCAD,2015,2,163
862,SCSS,2015,2,163
863,F*,2015,2,159
864,Racket,2015,2,159
865,Inno Setup,2015,2,158
866,Roff,2015,2,154
867,XQuery,2015,2,150
868,GDScript,2015,2,147
869,AutoHotkey,2015,2,147
870,Cuda,2015,2,138
871,Mathematica,2015,2,135
872,SourcePawn,2015,2,129
873,PostScript,2015,2,127
874,Objective-J,2015,2,122
875,AutoIt,2015,2,120
876,Logos,2015,2,120
877,ABAP,2015,2,108
878,Protocol Buffer,2015,2,105
879,Crystal,2015,2,105
880,Gherkin,2015,2,103
881,1C Enterprise,2015,2,101
882,Smarty,2015,2,100
883,Nim,2015,2,100
884,JavaScript,2015,3,271532
885,Python,2015,3,129702
886,Java,2015,3,113249
887,PHP,2015,3,88872
888,Ruby,2015,3,54521
889,C++,2015,3,52891
890,C#,2015,3,41701
891,Go,2015,3,39090
892,HTML,2015,3,34773
893,C,2015,3,28871
894,TypeScript,2015,3,21894
895,CSS,2015,3,19055
896,Objective-C,2015,3,18906
897,Shell,2015,3,18094
898,CoffeeScript,2015,3,13997
899,Scala,2015,3,11573
900,Swift,2015,3,10110
901,Lua,2015,3,5611
902,Rust,2015,3,4298
903,Kotlin,2015,3,4228
904,Haskell,2015,3,4151
905,Clojure,2015,3,3872
906,Emacs Lisp,2015,3,3709
907,Dart,2015,3,3688
908,Perl,2015,3,3339
909,R,2015,3,3231
910,Groovy,2015,3,3104
911,Erlang,2015,3,2520
912,Jupyter Notebook,2015,3,2248
913,Elixir,2015,3,2196
914,DM,2015,3,2138
915,Julia,2015,3,1926
916,PowerShell,2015,3,1625
917,F#,2015,3,1615
918,TeX,2015,3,1591
919,Makefile,2015,3,1578
920,OCaml,2015,3,1335
921,Vim script,2015,3,1200
922,QML,2015,3,944
923,Visual Basic,2015,3,850
924,Haxe,2015,3,801
925,PLpgSQL,2015,3,775
926,Smalltalk,2015,3,733
927,Nix,2015,3,726
928,Dockerfile,2015,3,700
929,TSQL,2015,3,677
930,D,2015,3,669
931,Puppet,2015,3,654
932,CMake,2015,3,627
933,ActionScript,2015,3,602
934,Vala,2015,3,593
935,Eiffel,2015,3,569
936,XSLT,2015,3,549
937,MATLAB,2015,3,536
938,Matlab,2015,3,512
939,Pascal,2015,3,458
940,ApacheConf,2015,3,444
941,PureScript,2015,3,442
942,Elm,2015,3,429
943,SQF,2015,3,424
944,VimL,2015,3,422
945,Arduino,2015,3,422
946,Logos,2015,3,354
947,ColdFusion,2015,3,347
948,Apex,2015,3,314
949,Common Lisp,2015,3,305
950,LiveScript,2015,3,292
951,Racket,2015,3,292
952,Batchfile,2015,3,291
953,Objective-C++,2015,3,278
954,Roff,2015,3,274
955,Standard ML,2015,3,270
956,Nginx,2015,3,260
957,Fortran,2015,3,245
958,SourcePawn,2015,3,217
959,Gherkin,2015,3,196
960,F*,2015,3,192
961,Eagle,2015,3,185
962,Perl 6,2015,3,183
963,Vue,2015,3,182
964,ABAP,2015,3,177
965,Assembly,2015,3,174
966,PLSQL,2015,3,163
967,AutoHotkey,2015,3,160
968,Cuda,2015,3,148
969,Factor,2015,3,145
970,ooc,2015,3,145
971,Prolog,2015,3,144
972,Scheme,2015,3,143
973,Lasso,2015,3,134
974,HCL,2015,3,130
975,Smarty,2015,3,129
976,Crystal,2015,3,129
977,Objective-J,2015,3,123
978,Tcl,2015,3,120
979,SCSS,2015,3,119
980,Inno Setup,2015,3,119
981,Protocol Buffer,2015,3,119
982,Mathematica,2015,3,118
983,Xtend,2015,3,114
984,Papyrus,2015,3,112
985,Thrift,2015,3,111
986,Ceylon,2015,3,108
987,GDScript,2015,3,107
988,AppleScript,2015,3,100
989,JavaScript,2015,4,289862
990,Python,2015,4,137574
991,Java,2015,4,125350
992,PHP,2015,4,89955
993,C++,2015,4,61457
994,Ruby,2015,4,54106
995,C#,2015,4,49762
996,Go,2015,4,42766
997,HTML,2015,4,36431
998,C,2015,4,32525
999,TypeScript,2015,4,29695
1000,Shell,2015,4,19943
1001,Objective-C,2015,4,19782
1002,CSS,2015,4,19748
1003,Swift,2015,4,13358
1004,CoffeeScript,2015,4,12287
1005,Scala,2015,4,10665
1006,Lua,2015,4,6690
1007,Kotlin,2015,4,5144
1008,Clojure,2015,4,4960
1009,Rust,2015,4,4754
1010,Haskell,2015,4,4622
1011,Dart,2015,4,4421
1012,Perl,2015,4,4007
1013,Emacs Lisp,2015,4,3395
1014,Groovy,2015,4,3360
1015,R,2015,4,2749
1016,Jupyter Notebook,2015,4,2666
1017,Erlang,2015,4,2598
1018,DM,2015,4,2319
1019,Elixir,2015,4,2197
1020,TeX,2015,4,2012
1021,Julia,2015,4,1895
1022,PowerShell,2015,4,1821
1023,F#,2015,4,1702
1024,Makefile,2015,4,1598
1025,OCaml,2015,4,1539
1026,Vim script,2015,4,1231
1027,Nix,2015,4,1094
1028,Pascal,2015,4,988
1029,QML,2015,4,976
1030,Dockerfile,2015,4,937
1031,Puppet,2015,4,809
1032,Visual Basic,2015,4,711
1033,Haxe,2015,4,682
1034,PLpgSQL,2015,4,680
1035,Vala,2015,4,609
1036,Matlab,2015,4,593
1037,D,2015,4,568
1038,CMake,2015,4,550
1039,Elm,2015,4,546
1040,Perl 6,2015,4,525
1041,TSQL,2015,4,519
1042,MATLAB,2015,4,479
1043,VimL,2015,4,452
1044,PureScript,2015,4,444
1045,ActionScript,2015,4,420
1046,Fortran,2015,4,417
1047,Prolog,2015,4,415
1048,Apex,2015,4,394
1049,ooc,2015,4,389
1050,XSLT,2015,4,389
1051,Vue,2015,4,375
1052,Assembly,2015,4,371
1053,Nginx,2015,4,329
1054,Batchfile,2015,4,311
1055,Arduino,2015,4,299
1056,Common Lisp,2015,4,298
1057,Smalltalk,2015,4,288
1058,Roff,2015,4,273
1059,ColdFusion,2015,4,267
1060,PLSQL,2015,4,243
1061,AutoHotkey,2015,4,238
1062,ApacheConf,2015,4,237
1063,SourcePawn,2015,4,234
1064,LiveScript,2015,4,228
1065,SQF,2015,4,226
1066,GDScript,2015,4,225
1067,Ceylon,2015,4,219
1068,Objective-C++,2015,4,208
1069,Eagle,2015,4,201
1070,Scheme,2015,4,184
1071,1C Enterprise,2015,4,178
1072,Racket,2015,4,174
1073,Standard ML,2015,4,165
1074,Gherkin,2015,4,160
1075,OpenEdge ABL,2015,4,157
1076,Cuda,2015,4,155
1077,Protocol Buffer,2015,4,149
1078,Xtend,2015,4,147
1079,Web Ontology Language,2015,4,139
1080,PostScript,2015,4,135
1081,Game Maker Language,2015,4,135
1082,Rascal,2015,4,133
1083,Crystal,2015,4,130
1084,Hack,2015,4,125
1085,Inno Setup,2015,4,122
1086,SCSS,2015,4,119
1087,Groff,2015,4,119
1088,Smarty,2015,4,113
1089,ABAP,2015,4,108
1090,Modelica,2015,4,106
1091,Processing,2015,4,102
1092,NSIS,2015,4,101
1093,JavaScript,2016,1,341480
1094,Python,2016,1,156217
1095,Java,2016,1,141490
1096,PHP,2016,1,102200
1097,C++,2016,1,68959
1098,Ruby,2016,1,59768
1099,Go,2016,1,56474
1100,C#,2016,1,55768
1101,TypeScript,2016,1,42218
1102,HTML,2016,1,41575
1103,C,2016,1,34996
1104,Shell,2016,1,24058
1105,CSS,2016,1,23708
1106,Objective-C,2016,1,18937
1107,Swift,2016,1,16074
1108,Scala,2016,1,12614
1109,CoffeeScript,2016,1,11845
1110,Rust,2016,1,7529
1111,Lua,2016,1,6925
1112,Kotlin,2016,1,6899
1113,Dart,2016,1,4789
1114,Perl,2016,1,4742
1115,Haskell,2016,1,4630
1116,Jupyter Notebook,2016,1,4285
1117,Clojure,2016,1,4205
1118,Groovy,2016,1,3856
1119,Emacs Lisp,2016,1,3403
1120,R,2016,1,3297
1121,Erlang,2016,1,2900
1122,Elixir,2016,1,2708
1123,PowerShell,2016,1,2634
1124,DM,2016,1,2360
1125,OCaml,2016,1,2087
1126,TeX,2016,1,1937
1127,Vim script,2016,1,1907
1128,Julia,2016,1,1756
1129,Makefile,2016,1,1686
1130,Visual Basic,2016,1,1583
1131,F#,2016,1,1397
1132,Nix,2016,1,1308
1133,D,2016,1,1135
1134,Dockerfile,2016,1,1026
1135,Pascal,2016,1,1003
1136,TSQL,2016,1,965
1137,Vala,2016,1,952
1138,QML,2016,1,796
1139,Haxe,2016,1,774
1140,Smalltalk,2016,1,771
1141,Puppet,2016,1,742
1142,MATLAB,2016,1,714
1143,Matlab,2016,1,691
1144,Vue,2016,1,546
1145,PLpgSQL,2016,1,542
1146,Elm,2016,1,534
1147,CMake,2016,1,514
1148,XSLT,2016,1,464
1149,Fortran,2016,1,455
1150,VimL,2016,1,446
1151,Common Lisp,2016,1,439
1152,PureScript,2016,1,422
1153,Apex,2016,1,417
1154,SQF,2016,1,398
1155,ActionScript,2016,1,390
1156,Arduino,2016,1,370
1157,Batchfile,2016,1,365
1158,Assembly,2016,1,350
1159,SourcePawn,2016,1,340
1160,PLSQL,2016,1,339
1161,Perl 6,2016,1,304
1162,ColdFusion,2016,1,301
1163,Crystal,2016,1,299
1164,LiveScript,2016,1,288
1165,Smarty,2016,1,285
1166,Cuda,2016,1,278
1167,Objective-C++,2016,1,274
1168,Rascal,2016,1,269
1169,Nginx,2016,1,267
1170,1C Enterprise,2016,1,266
1171,Scheme,2016,1,265
1172,ooc,2016,1,240
1173,Roff,2016,1,240
1174,ABAP,2016,1,237
1175,OpenEdge ABL,2016,1,231
1176,Standard ML,2016,1,227
1177,VHDL,2016,1,193
1178,Xtend,2016,1,192
1179,Eagle,2016,1,189
1180,AutoHotkey,2016,1,188
1181,Gherkin,2016,1,174
1182,Protocol Buffer,2016,1,168
1183,HCL,2016,1,168
1184,Ceylon,2016,1,160
1185,GLSL,2016,1,154
1186,Racket,2016,1,152
1187,BitBake,2016,1,151
1188,Factor,2016,1,144
1189,Ada,2016,1,140
1190,PostScript,2016,1,132
1191,ASP,2016,1,131
1192,Processing,2016,1,130
1193,Inform 7,2016,1,129
1194,GDScript,2016,1,128
1195,SCSS,2016,1,127
1196,SQLPL,2016,1,126
1197,Pawn,2016,1,116
1198,WebAssembly,2016,1,116
1199,Verilog,2016,1,116
1200,Prolog,2016,1,115
1201,FORTRAN,2016,1,113
1202,SaltStack,2016,1,111
1203,Jinja,2016,1,108
1204,Rich Text Format,2016,1,103
1205,JavaScript,2016,2,319149
1206,Python,2016,2,155586
1207,Java,2016,2,144151
1208,PHP,2016,2,93859
1209,C++,2016,2,66252
1210,Ruby,2016,2,58896
1211,Go,2016,2,58174
1212,C#,2016,2,57742
1213,TypeScript,2016,2,55301
1214,C,2016,2,46635
1215,HTML,2016,2,37118
1216,CSS,2016,2,23638
1217,Shell,2016,2,23418
1218,Objective-C,2016,2,17917
1219,Swift,2016,2,17834
1220,Scala,2016,2,12367
1221,CoffeeScript,2016,2,9997
1222,Lua,2016,2,7401
1223,Kotlin,2016,2,7336
1224,Rust,2016,2,6204
1225,Haskell,2016,2,5056
1226,Perl,2016,2,4197
1227,Groovy,2016,2,4157
1228,Jupyter Notebook,2016,2,4113
1229,Dart,2016,2,4077
1230,Clojure,2016,2,3854
1231,R,2016,2,3438
1232,Elixir,2016,2,3217
1233,Emacs Lisp,2016,2,2874
1234,PowerShell,2016,2,2659
1235,Erlang,2016,2,2631
1236,TeX,2016,2,2251
1237,DM,2016,2,2195
1238,OCaml,2016,2,2126
1239,Julia,2016,2,2003
1240,Makefile,2016,2,1538
1241,Vim script,2016,2,1491
1242,F#,2016,2,1386
1243,Nix,2016,2,1180
1244,Visual Basic,2016,2,1063
1245,Dockerfile,2016,2,1015
1246,PLpgSQL,2016,2,1014
1247,Vue,2016,2,969
1248,Haxe,2016,2,960
1249,Matlab,2016,2,850
1250,Smalltalk,2016,2,847
1251,D,2016,2,830
1252,QML,2016,2,770
1253,Elm,2016,2,751
1254,SQF,2016,2,710
1255,TSQL,2016,2,702
1256,Common Lisp,2016,2,673
1257,Vala,2016,2,654
1258,CMake,2016,2,651
1259,MATLAB,2016,2,584
1260,Pascal,2016,2,569
1261,Puppet,2016,2,562
1262,ActionScript,2016,2,555
1263,Ceylon,2016,2,526
1264,SourcePawn,2016,2,475
1265,PureScript,2016,2,451
1266,Fortran,2016,2,430
1267,Objective-C++,2016,2,421
1268,Batchfile,2016,2,405
1269,XSLT,2016,2,403
1270,Perl 6,2016,2,369
1271,Roff,2016,2,340
1272,Apex,2016,2,339
1273,Scheme,2016,2,332
1274,SAS,2016,2,331
1275,Arduino,2016,2,324
1276,Crystal,2016,2,308
1277,VimL,2016,2,292
1278,Tcl,2016,2,290
1279,Web Ontology Language,2016,2,286
1280,ColdFusion,2016,2,281
1281,1C Enterprise,2016,2,277
1282,SQLPL,2016,2,277
1283,Assembly,2016,2,266
1284,Nginx,2016,2,265
1285,PLSQL,2016,2,259
1286,SCSS,2016,2,247
1287,AutoHotkey,2016,2,231
1288,Processing,2016,2,228
1289,OpenEdge ABL,2016,2,224
1290,GDScript,2016,2,219
1291,GAP,2016,2,213
1292,ABAP,2016,2,212
1293,Xtend,2016,2,209
1294,Rascal,2016,2,202
1295,Racket,2016,2,197
1296,Cuda,2016,2,188
1297,GLSL,2016,2,182
1298,Gherkin,2016,2,181
1299,BitBake,2016,2,177
1300,Standard ML,2016,2,171
1301,PostScript,2016,2,159
1302,Rich Text Format,2016,2,158
1303,HCL,2016,2,158
1304,Pawn,2016,2,157
1305,ApacheConf,2016,2,150
1306,Eagle,2016,2,144
1307,YAML,2016,2,142
1308,Protocol Buffer,2016,2,141
1309,Smarty,2016,2,138
1310,F*,2016,2,137
1311,ASP,2016,2,136
1312,LiveScript,2016,2,131
1313,Prolog,2016,2,125
1314,KiCad,2016,2,116
1315,VHDL,2016,2,111
1316,SaltStack,2016,2,111
1317,Inno Setup,2016,2,108
1318,FORTRAN,2016,2,106
1319,JavaScript,2016,3,300925
1320,Python,2016,3,158667
1321,Java,2016,3,147798
1322,PHP,2016,3,90222
1323,C#,2016,3,69820
1324,TypeScript,2016,3,69819
1325,C++,2016,3,64794
1326,Go,2016,3,59166
1327,Ruby,2016,3,51250
1328,C,2016,3,34084
1329,HTML,2016,3,32927
1330,Shell,2016,3,22577
1331,CSS,2016,3,20877
1332,Swift,2016,3,20687
1333,Objective-C,2016,3,18339
1334,Scala,2016,3,11051
1335,CoffeeScript,2016,3,8932
1336,Kotlin,2016,3,8399
1337,Lua,2016,3,7579
1338,Rust,2016,3,6482
1339,Jupyter Notebook,2016,3,4699
1340,Haskell,2016,3,4616
1341,Elixir,2016,3,3669
1342,Clojure,2016,3,3591
1343,Dart,2016,3,3590
1344,Perl,2016,3,3444
1345,Groovy,2016,3,3040
1346,R,2016,3,2997
1347,Emacs Lisp,2016,3,2678
1348,PowerShell,2016,3,2560
1349,OCaml,2016,3,2262
1350,Erlang,2016,3,2206
1351,Julia,2016,3,2074
1352,Vim script,2016,3,1639
1353,Vue,2016,3,1628
1354,F#,2016,3,1384
1355,TeX,2016,3,1376
1356,Makefile,2016,3,1367
1357,Nix,2016,3,1325
1358,DM,2016,3,1302
1359,Dockerfile,2016,3,1022
1360,Visual Basic,2016,3,930
1361,Vala,2016,3,899
1362,SourcePawn,2016,3,852
1363,Haxe,2016,3,819
1364,QML,2016,3,790
1365,Matlab,2016,3,743
1366,Pascal,2016,3,726
1367,MATLAB,2016,3,686
1368,D,2016,3,659
1369,Elm,2016,3,651
1370,PLpgSQL,2016,3,619
1371,Objective-C++,2016,3,598
1372,Ceylon,2016,3,597
1373,Perl 6,2016,3,552
1374,Puppet,2016,3,548
1375,ColdFusion,2016,3,545
1376,Roff,2016,3,502
1377,SQF,2016,3,491
1378,TSQL,2016,3,453
1379,PureScript,2016,3,449
1380,CMake,2016,3,429
1381,Common Lisp,2016,3,425
1382,Apex,2016,3,420
1383,Fortran,2016,3,402
1384,Smalltalk,2016,3,390
1385,Batchfile,2016,3,387
1386,Crystal,2016,3,368
1387,Scheme,2016,3,352
1388,XSLT,2016,3,326
1389,Nginx,2016,3,326
1390,Standard ML,2016,3,321
1391,Arduino,2016,3,310
1392,PLSQL,2016,3,307
1393,Gherkin,2016,3,299
1394,Web Ontology Language,2016,3,289
1395,SCSS,2016,3,266
1396,ActionScript,2016,3,264
1397,AutoHotkey,2016,3,259
1398,Racket,2016,3,246
1399,Processing,2016,3,246
1400,Cuda,2016,3,246
1401,BitBake,2016,3,244
1402,Assembly,2016,3,240
1403,F*,2016,3,232
1404,ABAP,2016,3,204
1405,SaltStack,2016,3,203
1406,HCL,2016,3,202
1407,OpenEdge ABL,2016,3,197
1408,RobotFramework,2016,3,197
1409,Rascal,2016,3,197
1410,Pawn,2016,3,196
1411,Jinja,2016,3,185
1412,1C Enterprise,2016,3,178
1413,VimL,2016,3,176
1414,Tcl,2016,3,175
1415,Xtend,2016,3,166
1416,GDScript,2016,3,166
1417,GLSL,2016,3,164
1418,Eagle,2016,3,162
1419,LabVIEW,2016,3,154
1420,Protocol Buffer,2016,3,136
1421,PostScript,2016,3,133
1422,LiveScript,2016,3,132
1423,VHDL,2016,3,124
1424,Nim,2016,3,111
1425,ASP,2016,3,110
1426,Smarty,2016,3,108
1427,Ada,2016,3,107
1428,Max,2016,3,106
1429,Pug,2016,3,105
1430,SQLPL,2016,3,102
1431,Objective-J,2016,3,102
1432,JavaScript,2016,4,294457
1433,Java,2016,4,167850
1434,Python,2016,4,156299
1435,PHP,2016,4,88617
1436,TypeScript,2016,4,76790
1437,C++,2016,4,66106
1438,Go,2016,4,63683
1439,C#,2016,4,59464
1440,Ruby,2016,4,48860
1441,HTML,2016,4,36111
1442,C,2016,4,35647
1443,Shell,2016,4,23655
1444,Swift,2016,4,22337
1445,CSS,2016,4,22177
1446,Objective-C,2016,4,16691
1447,Scala,2016,4,12524
1448,CoffeeScript,2016,4,8065
1449,Lua,2016,4,7562
1450,Kotlin,2016,4,6910
1451,Rust,2016,4,6302
1452,Perl,2016,4,6040
1453,Jupyter Notebook,2016,4,4911
1454,Vue,2016,4,4307
1455,Elixir,2016,4,4035
1456,Haskell,2016,4,3770
1457,Dart,2016,4,3681
1458,Clojure,2016,4,3570
1459,R,2016,4,3287
1460,Groovy,2016,4,3089
1461,Emacs Lisp,2016,4,2629
1462,PowerShell,2016,4,2621
1463,OCaml,2016,4,2542
1464,Erlang,2016,4,2426
1465,Vim script,2016,4,2064
1466,F#,2016,4,1675
1467,TeX,2016,4,1432
1468,Julia,2016,4,1426
1469,DM,2016,4,1421
1470,Makefile,2016,4,1363
1471,Nix,2016,4,1234
1472,Dockerfile,2016,4,1175
1473,Visual Basic,2016,4,1089
1474,Elm,2016,4,999
1475,MATLAB,2016,4,934
1476,Haxe,2016,4,837
1477,Pascal,2016,4,777
1478,QML,2016,4,753
1479,Vala,2016,4,752
1480,CMake,2016,4,742
1481,D,2016,4,734
1482,TSQL,2016,4,668
1483,PLpgSQL,2016,4,649
1484,Matlab,2016,4,621
1485,Smalltalk,2016,4,601
1486,Objective-C++,2016,4,591
1487,Common Lisp,2016,4,574
1488,Roff,2016,4,571
1489,SQF,2016,4,565
1490,Gherkin,2016,4,534
1491,Fortran,2016,4,496
1492,AutoHotkey,2016,4,488
1493,SourcePawn,2016,4,471
1494,Puppet,2016,4,464
1495,ColdFusion,2016,4,438
1496,XSLT,2016,4,426
1497,Crystal,2016,4,415
1498,Perl 6,2016,4,400
1499,PureScript,2016,4,396
1500,Cuda,2016,4,364
1501,Apex,2016,4,336
1502,Web Ontology Language,2016,4,313
1503,Arduino,2016,4,310
1504,Ceylon,2016,4,308
1505,Batchfile,2016,4,305
1506,BitBake,2016,4,294
1507,Rascal,2016,4,293
1508,VHDL,2016,4,289
1509,1C Enterprise,2016,4,288
1510,ABAP,2016,4,287
1511,Visual Basic .NET,2016,4,275
1512,PLSQL,2016,4,272
1513,Scheme,2016,4,270
1514,SCSS,2016,4,266
1515,Assembly,2016,4,262
1516,PostScript,2016,4,262
1517,NSIS,2016,4,248
1518,HCL,2016,4,243
1519,OpenEdge ABL,2016,4,236
1520,Pawn,2016,4,232
1521,Jinja,2016,4,231
1522,ActionScript,2016,4,230
1523,Standard ML,2016,4,217
1524,Nginx,2016,4,191
1525,Verilog,2016,4,183
1526,RobotFramework,2016,4,180
1527,Eagle,2016,4,174
1528,ASP,2016,4,160
1529,LiveScript,2016,4,150
1530,YAML,2016,4,141
1531,F*,2016,4,138
1532,Smarty,2016,4,136
1533,VimL,2016,4,135
1534,GLSL,2016,4,125
1535,Racket,2016,4,125
1536,Nim,2016,4,125
1537,LabVIEW,2016,4,124
1538,ZenScript,2016,4,122
1539,GDScript,2016,4,117
1540,Xtend,2016,4,112
1541,Rich Text Format,2016,4,104
1542,Nunjucks,2016,4,103
1543,M,2016,4,102
1544,JavaScript,2017,1,324223
1545,Java,2017,1,186563
1546,Python,2017,1,186405
1547,PHP,2017,1,100275
1548,TypeScript,2017,1,92129
1549,Go,2017,1,82613
1550,C++,2017,1,76431
1551,C#,2017,1,68483
1552,Ruby,2017,1,54339
1553,HTML,2017,1,41473
1554,C,2017,1,39523
1555,Shell,2017,1,27348
1556,CSS,2017,1,22527
1557,Swift,2017,1,21589
1558,Objective-C,2017,1,16485
1559,Scala,2017,1,14967
1560,Kotlin,2017,1,9760
1561,Lua,2017,1,9386
1562,Rust,2017,1,9213
1563,CoffeeScript,2017,1,7774
1564,Vue,2017,1,6841
1565,Jupyter Notebook,2017,1,6063
1566,Dart,2017,1,5062
1567,Perl,2017,1,4922
1568,R,2017,1,4613
1569,Elixir,2017,1,4380
1570,Haskell,2017,1,4316
1571,Clojure,2017,1,4038
1572,Groovy,2017,1,3841
1573,Vim script,2017,1,3231
1574,PowerShell,2017,1,3151
1575,Emacs Lisp,2017,1,2800
1576,Erlang,2017,1,2685
1577,OCaml,2017,1,2679
1578,DM,2017,1,2231
1579,TeX,2017,1,1746
1580,Nix,2017,1,1552
1581,Makefile,2017,1,1537
1582,F#,2017,1,1512
1583,Dockerfile,2017,1,1384
1584,Julia,2017,1,1294
1585,Vala,2017,1,1219
1586,Elm,2017,1,1194
1587,Visual Basic,2017,1,1076
1588,MATLAB,2017,1,1045
1589,D,2017,1,994
1590,Objective-C++,2017,1,953
1591,Batchfile,2017,1,908
1592,TSQL,2017,1,844
1593,PLpgSQL,2017,1,809
1594,Pascal,2017,1,789
1595,QML,2017,1,723
1596,Haxe,2017,1,713
1597,Fortran,2017,1,694
1598,Smalltalk,2017,1,675
1599,Roff,2017,1,649
1600,Gherkin,2017,1,600
1601,CMake,2017,1,582
1602,Matlab,2017,1,560
1603,SQF,2017,1,559
1604,Common Lisp,2017,1,539
1605,XSLT,2017,1,538
1606,PureScript,2017,1,535
1607,Apex,2017,1,525
1608,Puppet,2017,1,493
1609,UnrealScript,2017,1,486
1610,Crystal,2017,1,464
1611,RobotFramework,2017,1,451
1612,SourcePawn,2017,1,440
1613,Smarty,2017,1,420
1614,Perl 6,2017,1,400
1615,HCL,2017,1,391
1616,AutoHotkey,2017,1,386
1617,Web Ontology Language,2017,1,372
1618,Arduino,2017,1,352
1619,ActionScript,2017,1,343
1620,SCSS,2017,1,333
1621,ColdFusion,2017,1,329
1622,ABAP,2017,1,301
1623,GLSL,2017,1,296
1624,PLSQL,2017,1,291
1625,Assembly,2017,1,259
1626,PostScript,2017,1,256
1627,Jinja,2017,1,252
1628,Racket,2017,1,248
1629,Scheme,2017,1,242
1630,Visual Basic .NET,2017,1,205
1631,VHDL,2017,1,204
1632,NSIS,2017,1,199
1633,Nim,2017,1,199
1634,Rascal,2017,1,199
1635,Cuda,2017,1,197
1636,Nunjucks,2017,1,192
1637,Verilog,2017,1,191
1638,BitBake,2017,1,189
1639,Pawn,2017,1,188
1640,1C Enterprise,2017,1,187
1641,AutoIt,2017,1,168
1642,Hack,2017,1,167
1643,Logos,2017,1,160
1644,Standard ML,2017,1,157
1645,F*,2017,1,154
1646,Xtend,2017,1,152
1647,FreeMarker,2017,1,151
1648,Rich Text Format,2017,1,145
1649,Common Workflow Language,2017,1,144
1650,Tcl,2017,1,142
1651,Protocol Buffer,2017,1,133
1652,KiCad,2017,1,131
1653,Ceylon,2017,1,123
1654,GDScript,2017,1,122
1655,ZenScript,2017,1,117
1656,SaltStack,2017,1,114
1657,LabVIEW,2017,1,108
1658,Inform 7,2017,1,107
1659,OpenEdge ABL,2017,1,106
1660,ASP,2017,1,101
1661,JavaScript,2017,2,315237
1662,Python,2017,2,182148
1663,Java,2017,2,181404
1664,TypeScript,2017,2,98231
1665,PHP,2017,2,94812
1666,C++,2017,2,76783
1667,Go,2017,2,75156
1668,C#,2017,2,63485
1669,Ruby,2017,2,50332
1670,C,2017,2,37890
1671,HTML,2017,2,37215
1672,Shell,2017,2,26722
1673,CSS,2017,2,22059
1674,Swift,2017,2,19818
1675,Objective-C,2017,2,14726
1676,Scala,2017,2,14014
1677,Kotlin,2017,2,11457
1678,Lua,2017,2,9580
1679,Rust,2017,2,9270
1680,Vue,2017,2,8247
1681,CoffeeScript,2017,2,6487
1682,Jupyter Notebook,2017,2,6068
1683,R,2017,2,4847
1684,Dart,2017,2,4675
1685,Haskell,2017,2,4612
1686,Perl,2017,2,4334
1687,Elixir,2017,2,4122
1688,Groovy,2017,2,3849
1689,PowerShell,2017,2,3700
1690,Clojure,2017,2,3446
1691,Emacs Lisp,2017,2,3288
1692,Vim script,2017,2,2793
1693,Erlang,2017,2,2445
1694,DM,2017,2,2414
1695,OCaml,2017,2,2379
1696,TeX,2017,2,2120
1697,Vala,2017,2,2030
1698,F#,2017,2,1734
1699,Makefile,2017,2,1645
1700,Nix,2017,2,1457
1701,Julia,2017,2,1266
1702,Dockerfile,2017,2,1230
1703,HCL,2017,2,1131
1704,Elm,2017,2,1055
1705,PLpgSQL,2017,2,1017
1706,QML,2017,2,942
1707,MATLAB,2017,2,876
1708,Matlab,2017,2,875
1709,D,2017,2,815
1710,Visual Basic,2017,2,780
1711,FreeMarker,2017,2,738
1712,Crystal,2017,2,670
1713,Pascal,2017,2,670
1714,CMake,2017,2,647
1715,Smalltalk,2017,2,643
1716,SQF,2017,2,599
1717,Common Lisp,2017,2,598
1718,PureScript,2017,2,578
1719,Gherkin,2017,2,558
1720,Haxe,2017,2,548
1721,Fortran,2017,2,526
1722,Perl 6,2017,2,520
1723,Objective-C++,2017,2,506
1724,Visual Basic .NET,2017,2,498
1725,Roff,2017,2,492
1726,RobotFramework,2017,2,482
1727,Jinja,2017,2,473
1728,XSLT,2017,2,453
1729,Puppet,2017,2,434
1730,Verilog,2017,2,402
1731,ColdFusion,2017,2,396
1732,TSQL,2017,2,390
1733,SourcePawn,2017,2,386
1734,Arduino,2017,2,385
1735,SCSS,2017,2,380
1736,BitBake,2017,2,367
1737,Batchfile,2017,2,363
1738,Apex,2017,2,339
1739,Cuda,2017,2,321
1740,UnrealScript,2017,2,304
1741,Scheme,2017,2,288
1742,GLSL,2017,2,267
1743,Rascal,2017,2,256
1744,PLSQL,2017,2,256
1745,AutoHotkey,2017,2,253
1746,F*,2017,2,249
1747,Assembly,2017,2,236
1748,Nim,2017,2,233
1749,ABAP,2017,2,233
1750,Smarty,2017,2,229
1751,GDScript,2017,2,210
1752,ActionScript,2017,2,207
1753,Racket,2017,2,207
1754,PostScript,2017,2,206
1755,Rich Text Format,2017,2,203
1756,Standard ML,2017,2,198
1757,Nunjucks,2017,2,191
1758,VHDL,2017,2,185
1759,Starlark,2017,2,182
1760,1C Enterprise,2017,2,160
1761,Web Ontology Language,2017,2,151
1762,LabVIEW,2017,2,126
1763,Hack,2017,2,125
1764,Ceylon,2017,2,125
1765,ASP,2017,2,125
1766,LiveScript,2017,2,117
1767,YAML,2017,2,110
1768,NSIS,2017,2,110
1769,Stata,2017,2,106
1770,Logos,2017,2,103
1771,KiCad,2017,2,102
1772,Xtend,2017,2,100
1773,JavaScript,2017,3,309826
1774,Python,2017,3,180257
1775,Java,2017,3,161263
1776,TypeScript,2017,3,94605
1777,PHP,2017,3,91850
1778,C++,2017,3,76781
1779,Go,2017,3,73656
1780,C#,2017,3,63017
1781,Ruby,2017,3,42102
1782,C,2017,3,36779
1783,HTML,2017,3,33327
1784,Shell,2017,3,25190
1785,CSS,2017,3,21251
1786,Swift,2017,3,19201
1787,Objective-C,2017,3,13900
1788,Kotlin,2017,3,12687
1789,Scala,2017,3,12317
1790,Vue,2017,3,9386
1791,Rust,2017,3,8935
1792,Lua,2017,3,8394
1793,Jupyter Notebook,2017,3,5916
1794,CoffeeScript,2017,3,5471
1795,Elixir,2017,3,4815
1796,R,2017,3,4426
1797,Dart,2017,3,3890
1798,Haskell,2017,3,3845
1799,Groovy,2017,3,3778
1800,Perl,2017,3,3479
1801,PowerShell,2017,3,3401
1802,Emacs Lisp,2017,3,3291
1803,OCaml,2017,3,2955
1804,Clojure,2017,3,2865
1805,Erlang,2017,3,2782
1806,Vim script,2017,3,2517
1807,Makefile,2017,3,1923
1808,F#,2017,3,1844
1809,Vala,2017,3,1840
1810,DM,2017,3,1724
1811,Nix,2017,3,1521
1812,TeX,2017,3,1325
1813,Pascal,2017,3,1309
1814,Dockerfile,2017,3,1265
1815,Julia,2017,3,1113
1816,D,2017,3,1085
1817,PLpgSQL,2017,3,1035
1818,Elm,2017,3,997
1819,MATLAB,2017,3,906
1820,FreeMarker,2017,3,738
1821,TSQL,2017,3,716
1822,SourcePawn,2017,3,713
1823,HCL,2017,3,712
1824,Visual Basic,2017,3,678
1825,QML,2017,3,665
1826,Fortran,2017,3,632
1827,Perl 6,2017,3,625
1828,Matlab,2017,3,617
1829,Crystal,2017,3,599
1830,CMake,2017,3,590
1831,Puppet,2017,3,543
1832,Assembly,2017,3,513
1833,Common Lisp,2017,3,512
1834,Smalltalk,2017,3,505
1835,Visual Basic .NET,2017,3,503
1836,RobotFramework,2017,3,494
1837,Gherkin,2017,3,485
1838,PureScript,2017,3,476
1839,Racket,2017,3,461
1840,XSLT,2017,3,452
1841,Roff,2017,3,440
1842,Apex,2017,3,422
1843,SQF,2017,3,408
1844,AutoHotkey,2017,3,406
1845,Haxe,2017,3,398
1846,PLSQL,2017,3,386
1847,Xtend,2017,3,329
1848,ColdFusion,2017,3,329
1849,SCSS,2017,3,320
1850,Nim,2017,3,318
1851,BitBake,2017,3,316
1852,Cuda,2017,3,309
1853,PostScript,2017,3,305
1854,ABAP,2017,3,299
1855,Rascal,2017,3,294
1856,Starlark,2017,3,244
1857,Smarty,2017,3,239
1858,Arduino,2017,3,239
1859,Uno,2017,3,230
1860,Scheme,2017,3,229
1861,Batchfile,2017,3,220
1862,Standard ML,2017,3,218
1863,Jinja,2017,3,211
1864,Verilog,2017,3,210
1865,Nunjucks,2017,3,205
1866,ActionScript,2017,3,196
1867,VHDL,2017,3,194
1868,GDScript,2017,3,175
1869,F*,2017,3,174
1870,API Blueprint,2017,3,174
1871,Objective-C++,2017,3,166
1872,GLSL,2017,3,160
1873,UnrealScript,2017,3,157
1874,LabVIEW,2017,3,149
1875,1C Enterprise,2017,3,141
1876,Stata,2017,3,128
1877,Hack,2017,3,124
1878,Tcl,2017,3,122
1879,Mathematica,2017,3,114
1880,LLVM,2017,3,109
1881,JavaScript,2017,4,283325
1882,Python,2017,4,175155
1883,Java,2017,4,153401
1884,TypeScript,2017,4,95794
1885,PHP,2017,4,89540
1886,C++,2017,4,79436
1887,Go,2017,4,68869
1888,C#,2017,4,63705
1889,C,2017,4,36786
1890,Ruby,2017,4,36779
1891,HTML,2017,4,30703
1892,Shell,2017,4,22518
1893,Swift,2017,4,20244
1894,CSS,2017,4,19493
1895,Objective-C,2017,4,13508
1896,Kotlin,2017,4,13027
1897,Vue,2017,4,10824
1898,Scala,2017,4,10545
1899,Rust,2017,4,7879
1900,Lua,2017,4,5975
1901,Jupyter Notebook,2017,4,5770
1902,CoffeeScript,2017,4,5198
1903,Dart,2017,4,3977
1904,Fortran,2017,4,3933
1905,Groovy,2017,4,3899
1906,Elixir,2017,4,3899
1907,R,2017,4,3806
1908,PowerShell,2017,4,3676
1909,Perl,2017,4,3565
1910,Clojure,2017,4,3454
1911,Emacs Lisp,2017,4,3241
1912,Haskell,2017,4,3002
1913,OCaml,2017,4,2982
1914,Vim script,2017,4,2308
1915,DM,2017,4,2184
1916,Erlang,2017,4,2160
1917,Vala,2017,4,1780
1918,Nix,2017,4,1729
1919,Dockerfile,2017,4,1450
1920,Makefile,2017,4,1327
1921,F#,2017,4,1293
1922,TeX,2017,4,1268
1923,MATLAB,2017,4,1121
1924,Pascal,2017,4,958
1925,Julia,2017,4,899
1926,PLpgSQL,2017,4,837
1927,Visual Basic,2017,4,822
1928,Roff,2017,4,790
1929,Elm,2017,4,784
1930,Crystal,2017,4,735
1931,D,2017,4,606
1932,TSQL,2017,4,587
1933,SourcePawn,2017,4,565
1934,CMake,2017,4,552
1935,SQF,2017,4,524
1936,FreeMarker,2017,4,502
1937,QML,2017,4,500
1938,Gherkin,2017,4,485
1939,Matlab,2017,4,480
1940,HCL,2017,4,474
1941,Haxe,2017,4,447
1942,Common Lisp,2017,4,404
1943,GLSL,2017,4,402
1944,GDScript,2017,4,401
1945,XSLT,2017,4,400
1946,Apex,2017,4,381
1947,Mathematica,2017,4,380
1948,Assembly,2017,4,370
1949,Perl 6,2017,4,365
1950,SCSS,2017,4,345
1951,Smalltalk,2017,4,320
1952,RobotFramework,2017,4,317
1953,ColdFusion,2017,4,311
1954,Visual Basic .NET,2017,4,309
1955,Nim,2017,4,308
1956,AutoHotkey,2017,4,308
1957,PureScript,2017,4,302
1958,Scheme,2017,4,301
1959,PLSQL,2017,4,296
1960,Standard ML,2017,4,293
1961,Nunjucks,2017,4,289
1962,PostScript,2017,4,286
1963,Uno,2017,4,277
1964,ABAP,2017,4,262
1965,Starlark,2017,4,258
1966,Puppet,2017,4,246
1967,Smarty,2017,4,231
1968,VHDL,2017,4,223
1969,Jinja,2017,4,212
1970,Raku,2017,4,197
1971,Cuda,2017,4,196
1972,1C Enterprise,2017,4,188
1973,Batchfile,2017,4,184
1974,UnrealScript,2017,4,176
1975,F*,2017,4,175
1976,Arduino,2017,4,164
1977,API Blueprint,2017,4,156
1978,ActionScript,2017,4,151
1979,Objective-C++,2017,4,148
1980,Tcl,2017,4,147
1981,Racket,2017,4,144
1982,Objective-J,2017,4,134
1983,BitBake,2017,4,131
1984,SaltStack,2017,4,125
1985,AutoIt,2017,4,125
1986,ASP,2017,4,123
1987,Forth,2017,4,119
1988,Verilog,2017,4,119
1989,Ren'Py,2017,4,107
1990,Coq,2017,4,107
1991,Xtend,2017,4,107
1992,Processing,2017,4,105
1993,JavaScript,2018,1,243302
1994,Python,2018,1,158455
1995,Java,2018,1,131440
1996,TypeScript,2018,1,85455
1997,C++,2018,1,78216
1998,PHP,2018,1,78024
1999,Go,2018,1,70653
2000,C#,2018,1,57600
2001,C,2018,1,36018
2002,Ruby,2018,1,34226
2003,HTML,2018,1,23667
2004,Shell,2018,1,22027
2005,Swift,2018,1,15889
2006,CSS,2018,1,13578
2007,Kotlin,2018,1,11958
2008,Objective-C,2018,1,11457
2009,Scala,2018,1,10461
2010,Vue,2018,1,7825
2011,Rust,2018,1,7232
2012,Dart,2018,1,6127
2013,Lua,2018,1,5213
2014,Jupyter Notebook,2018,1,4889
2015,CoffeeScript,2018,1,3711
2016,R,2018,1,3703
2017,Dockerfile,2018,1,3641
2018,Groovy,2018,1,3240
2019,Perl,2018,1,3228
2020,Emacs Lisp,2018,1,3036
2021,Clojure,2018,1,3032
2022,PowerShell,2018,1,3026
2023,Haskell,2018,1,2948
2024,Elixir,2018,1,2927
2025,Vim script,2018,1,2356
2026,DM,2018,1,2325
2027,OCaml,2018,1,2213
2028,Nix,2018,1,2040
2029,Erlang,2018,1,1716
2030,Vala,2018,1,1392
2031,Makefile,2018,1,1260
2032,F#,2018,1,1122
2033,Pascal,2018,1,1022
2034,PLpgSQL,2018,1,984
2035,MATLAB,2018,1,983
2036,TeX,2018,1,879
2037,QML,2018,1,815
2038,Julia,2018,1,808
2039,D,2018,1,690
2040,Elm,2018,1,671
2041,Roff,2018,1,670
2042,FreeMarker,2018,1,666
2043,Smalltalk,2018,1,596
2044,TSQL,2018,1,575
2045,CMake,2018,1,572
2046,Fortran,2018,1,515
2047,Jsonnet,2018,1,474
2048,Common Lisp,2018,1,468
2049,Perl 6,2018,1,455
2050,Visual Basic,2018,1,431
2051,Crystal,2018,1,420
2052,Assembly,2018,1,416
2053,Raku,2018,1,393
2054,ColdFusion,2018,1,386
2055,Haxe,2018,1,382
2056,GLSL,2018,1,368
2057,Puppet,2018,1,366
2058,Apex,2018,1,362
2059,Matlab,2018,1,358
2060,HCL,2018,1,355
2061,SCSS,2018,1,353
2062,SourcePawn,2018,1,334
2063,XSLT,2018,1,328
2064,RobotFramework,2018,1,325
2065,PureScript,2018,1,318
2066,Starlark,2018,1,314
2067,Gherkin,2018,1,307
2068,BitBake,2018,1,286
2069,Standard ML,2018,1,283
2070,PLSQL,2018,1,272
2071,Jinja,2018,1,246
2072,ABAP,2018,1,246
2073,ActionScript,2018,1,242
2074,AutoHotkey,2018,1,238
2075,Nunjucks,2018,1,235
2076,Scheme,2018,1,232
2077,Uno,2018,1,208
2078,SQF,2018,1,205
2079,Batchfile,2018,1,190
2080,Smarty,2018,1,188
2081,Nim,2018,1,186
2082,Objective-C++,2018,1,184
2083,Cuda,2018,1,183
2084,PostScript,2018,1,172
2085,UnrealScript,2018,1,155
2086,Awk,2018,1,148
2087,API Blueprint,2018,1,148
2088,GDScript,2018,1,139
2089,Rich Text Format,2018,1,123
2090,Tcl,2018,1,123
2091,Visual Basic .NET,2018,1,120
2092,Factor,2018,1,106
2093,YAML,2018,1,105
2094,Objective-J,2018,1,101
2095,VBA,2018,1,101
2096,Coq,2018,1,100
2097,JavaScript,2018,2,179708
2098,Python,2018,2,129638
2099,Java,2018,2,120641
2100,TypeScript,2018,2,72247
2101,C++,2018,2,65900
2102,PHP,2018,2,59258
2103,Go,2018,2,57097
2104,C#,2018,2,46690
2105,C,2018,2,30556
2106,Ruby,2018,2,26941
2107,Shell,2018,2,17704
2108,HTML,2018,2,17669
2109,Swift,2018,2,12920
2110,Objective-C,2018,2,10614
2111,Kotlin,2018,2,9484
2112,CSS,2018,2,8906
2113,Dart,2018,2,7346
2114,Scala,2018,2,7147
2115,Vue,2018,2,6879
2116,Rust,2018,2,5634
2117,Lua,2018,2,4473
2118,Jupyter Notebook,2018,2,4057
2119,CoffeeScript,2018,2,3274
2120,R,2018,2,2926
2121,Groovy,2018,2,2888
2122,Perl,2018,2,2814
2123,Clojure,2018,2,2680
2124,PowerShell,2018,2,2551
2125,Haskell,2018,2,2394
2126,Elixir,2018,2,2371
2127,Emacs Lisp,2018,2,2235
2128,OCaml,2018,2,2165
2129,Nix,2018,2,2015
2130,Vim script,2018,2,1877
2131,Dockerfile,2018,2,1576
2132,Erlang,2018,2,1476
2133,DM,2018,2,1266
2134,Makefile,2018,2,959
2135,Vala,2018,2,907
2136,F#,2018,2,830
2137,PLpgSQL,2018,2,804
2138,MATLAB,2018,2,750
2139,TeX,2018,2,733
2140,Pascal,2018,2,707
2141,Perl 6,2018,2,692
2142,Julia,2018,2,640
2143,Jsonnet,2018,2,610
2144,Roff,2018,2,576
2145,Fortran,2018,2,510
2146,TSQL,2018,2,480
2147,D,2018,2,457
2148,SCSS,2018,2,395
2149,HCL,2018,2,387
2150,FreeMarker,2018,2,379
2151,Smalltalk,2018,2,373
2152,Elm,2018,2,367
2153,Crystal,2018,2,364
2154,QML,2018,2,355
2155,API Blueprint,2018,2,348
2156,XSLT,2018,2,345
2157,Raku,2018,2,344
2158,Jinja,2018,2,317
2159,PureScript,2018,2,315
2160,Haxe,2018,2,312
2161,Nunjucks,2018,2,309
2162,PostScript,2018,2,309
2163,CMake,2018,2,308
2164,Starlark,2018,2,305
2165,ABAP,2018,2,292
2166,Nim,2018,2,271
2167,PLSQL,2018,2,259
2168,Matlab,2018,2,256
2169,Common Lisp,2018,2,249
2170,ColdFusion,2018,2,249
2171,Apex,2018,2,244
2172,AutoHotkey,2018,2,241
2173,Visual Basic .NET,2018,2,241
2174,GLSL,2018,2,239
2175,Scheme,2018,2,238
2176,Visual Basic,2018,2,222
2177,SQF,2018,2,221
2178,BitBake,2018,2,214
2179,RobotFramework,2018,2,212
2180,SourcePawn,2018,2,183
2181,Assembly,2018,2,172
2182,Standard ML,2018,2,162
2183,Puppet,2018,2,150
2184,Coq,2018,2,142
2185,Smarty,2018,2,133
2186,Gherkin,2018,2,121
2187,Racket,2018,2,120
2188,Cuda,2018,2,112
2189,Meson,2018,2,108
2190,JavaScript,2018,3,164650
2191,Python,2018,3,122245
2192,Java,2018,3,107205
2193,C++,2018,3,70464
2194,TypeScript,2018,3,70244
2195,Go,2018,3,58367
2196,PHP,2018,3,54535
2197,C#,2018,3,42817
2198,C,2018,3,29219
2199,Ruby,2018,3,24473
2200,Shell,2018,3,17374
2201,HTML,2018,3,15587
2202,Swift,2018,3,11499
2203,Objective-C,2018,3,9369
2204,Kotlin,2018,3,9052
2205,CSS,2018,3,8037
2206,Dart,2018,3,7443
2207,Scala,2018,3,6641
2208,Rust,2018,3,6175
2209,Vue,2018,3,5717
2210,Lua,2018,3,4608
2211,Jupyter Notebook,2018,3,4004
2212,CoffeeScript,2018,3,3085
2213,Groovy,2018,3,2973
2214,Perl,2018,3,2479
2215,Clojure,2018,3,2427
2216,R,2018,3,2412
2217,Elixir,2018,3,2390
2218,Emacs Lisp,2018,3,2277
2219,Haskell,2018,3,2071
2220,PowerShell,2018,3,2041
2221,OCaml,2018,3,1809
2222,Vim script,2018,3,1732
2223,Dockerfile,2018,3,1363
2224,Nix,2018,3,1363
2225,Erlang,2018,3,1336
2226,DM,2018,3,1188
2227,Makefile,2018,3,974
2228,Julia,2018,3,952
2229,Vala,2018,3,909
2230,PLpgSQL,2018,3,805
2231,MATLAB,2018,3,736
2232,F#,2018,3,674
2233,Jsonnet,2018,3,649
2234,TeX,2018,3,569
2235,TSQL,2018,3,505
2236,Roff,2018,3,498
2237,Smalltalk,2018,3,466
2238,Fortran,2018,3,443
2239,Perl 6,2018,3,425
2240,Raku,2018,3,423
2241,Pascal,2018,3,422
2242,D,2018,3,407
2243,FreeMarker,2018,3,392
2244,ABAP,2018,3,389
2245,Elm,2018,3,383
2246,Visual Basic,2018,3,353
2247,Nunjucks,2018,3,348
2248,Starlark,2018,3,342
2249,CMake,2018,3,341
2250,Haxe,2018,3,338
2251,Common Lisp,2018,3,327
2252,Nim,2018,3,305
2253,Crystal,2018,3,302
2254,ColdFusion,2018,3,302
2255,PLSQL,2018,3,290
2256,HCL,2018,3,272
2257,XSLT,2018,3,265
2258,SourcePawn,2018,3,248
2259,SCSS,2018,3,247
2260,Batchfile,2018,3,246
2261,Puppet,2018,3,236
2262,Visual Basic .NET,2018,3,226
2263,PostScript,2018,3,220
2264,Cuda,2018,3,205
2265,PureScript,2018,3,199
2266,QML,2018,3,199
2267,Matlab,2018,3,199
2268,Jinja,2018,3,195
2269,BitBake,2018,3,192
2270,RobotFramework,2018,3,190
2271,Assembly,2018,3,171
2272,AutoHotkey,2018,3,162
2273,ASP,2018,3,157
2274,Apex,2018,3,156
2275,GLSL,2018,3,132
2276,F*,2018,3,129
2277,Scheme,2018,3,128
2278,Twig,2018,3,123
2279,Rich Text Format,2018,3,120
2280,Racket,2018,3,117
2281,API Blueprint,2018,3,109
2282,1C Enterprise,2018,3,109
2283,Gherkin,2018,3,107
2284,JavaScript,2018,4,145448
2285,Python,2018,4,109962
2286,Java,2018,4,84452
2287,TypeScript,2018,4,64603
2288,Go,2018,4,53862
2289,C++,2018,4,53595
2290,PHP,2018,4,49835
2291,C#,2018,4,41975
2292,C,2018,4,26416
2293,Ruby,2018,4,20729
2294,Shell,2018,4,14868
2295,HTML,2018,4,14819
2296,Swift,2018,4,10555
2297,Kotlin,2018,4,8676
2298,Objective-C,2018,4,7738
2299,Dart,2018,4,6971
2300,CSS,2018,4,6970
2301,Scala,2018,4,4973
2302,Vue,2018,4,4835
2303,Rust,2018,4,4335
2304,Jupyter Notebook,2018,4,3767
2305,Lua,2018,4,3494
2306,Perl,2018,4,2512
2307,Groovy,2018,4,2506
2308,Clojure,2018,4,2374
2309,R,2018,4,2221
2310,Emacs Lisp,2018,4,2165
2311,Elixir,2018,4,2153
2312,Haskell,2018,4,2133
2313,CoffeeScript,2018,4,2042
2314,PowerShell,2018,4,1924
2315,Nix,2018,4,1588
2316,OCaml,2018,4,1463
2317,Vim script,2018,4,1434
2318,Dockerfile,2018,4,1204
2319,Erlang,2018,4,1140
2320,Vala,2018,4,1080
2321,DM,2018,4,1067
2322,Makefile,2018,4,877
2323,Julia,2018,4,766
2324,F#,2018,4,752
2325,PLpgSQL,2018,4,698
2326,Jsonnet,2018,4,581
2327,MATLAB,2018,4,566
2328,TeX,2018,4,521
2329,Fortran,2018,4,493
2330,Starlark,2018,4,426
2331,Smalltalk,2018,4,414
2332,TSQL,2018,4,391
2333,Pascal,2018,4,383
2334,CMake,2018,4,364
2335,Haxe,2018,4,362
2336,ColdFusion,2018,4,338
2337,Perl 6,2018,4,337
2338,Nunjucks,2018,4,337
2339,Jinja,2018,4,331
2340,Roff,2018,4,313
2341,Raku,2018,4,303
2342,Visual Basic,2018,4,289
2343,ABAP,2018,4,260
2344,XSLT,2018,4,249
2345,SourcePawn,2018,4,246
2346,Nim,2018,4,237
2347,GLSL,2018,4,234
2348,FreeMarker,2018,4,231
2349,Elm,2018,4,231
2350,D,2018,4,230
2351,Apex,2018,4,216
2352,Coq,2018,4,208
2353,PLSQL,2018,4,201
2354,Batchfile,2018,4,198
2355,Common Lisp,2018,4,196
2356,Crystal,2018,4,195
2357,QML,2018,4,193
2358,SCSS,2018,4,171
2359,AutoHotkey,2018,4,170
2360,Matlab,2018,4,163
2361,HCL,2018,4,146
2362,Visual Basic .NET,2018,4,141
2363,Assembly,2018,4,136
2364,PureScript,2018,4,136
2365,PostScript,2018,4,130
2366,BitBake,2018,4,128
2367,Scheme,2018,4,123
2368,Puppet,2018,4,122
2369,Standard ML,2018,4,120
2370,RobotFramework,2018,4,116
2371,ASP,2018,4,114
2372,SQF,2018,4,108
2373,Cuda,2018,4,102
2374,1C Enterprise,2018,4,100
2375,JavaScript,2019,1,149656
2376,Python,2019,1,127508
2377,Java,2019,1,87987
2378,TypeScript,2019,1,66750
2379,Go,2019,1,61657
2380,C++,2019,1,58115
2381,PHP,2019,1,54344
2382,C#,2019,1,45382
2383,C,2019,1,30089
2384,Ruby,2019,1,23416
2385,Shell,2019,1,15932
2386,HTML,2019,1,14470
2387,Kotlin,2019,1,9572
2388,Dart,2019,1,9203
2389,Swift,2019,1,8877
2390,Objective-C,2019,1,7670
2391,CSS,2019,1,7448
2392,Scala,2019,1,5446
2393,Vue,2019,1,4965
2394,Rust,2019,1,4876
2395,Jupyter Notebook,2019,1,4499
2396,Lua,2019,1,3875
2397,R,2019,1,2748
2398,Groovy,2019,1,2724
2399,Perl,2019,1,2661
2400,Elixir,2019,1,2444
2401,Emacs Lisp,2019,1,2324
2402,Clojure,2019,1,2035
2403,Haskell,2019,1,2012
2404,PowerShell,2019,1,1936
2405,OCaml,2019,1,1892
2406,Nix,2019,1,1793
2407,CoffeeScript,2019,1,1698
2408,Vim script,2019,1,1505
2409,Dockerfile,2019,1,1293
2410,Julia,2019,1,1033
2411,Makefile,2019,1,844
2412,Erlang,2019,1,797
2413,MATLAB,2019,1,782
2414,Jsonnet,2019,1,773
2415,Vala,2019,1,773
2416,DM,2019,1,762
2417,F#,2019,1,719
2418,Smalltalk,2019,1,653
2419,PLpgSQL,2019,1,623
2420,TeX,2019,1,551
2421,Pascal,2019,1,494
2422,Starlark,2019,1,478
2423,Roff,2019,1,447
2424,Nunjucks,2019,1,431
2425,TSQL,2019,1,429
2426,Jinja,2019,1,418
2427,Fortran,2019,1,415
2428,Haxe,2019,1,382
2429,ColdFusion,2019,1,381
2430,RobotFramework,2019,1,376
2431,FreeMarker,2019,1,353
2432,Perl 6,2019,1,349
2433,ABAP,2019,1,340
2434,CMake,2019,1,334
2435,SourcePawn,2019,1,322
2436,SCSS,2019,1,314
2437,Coq,2019,1,312
2438,Visual Basic,2019,1,302
2439,PLSQL,2019,1,300
2440,Raku,2019,1,283
2441,XSLT,2019,1,276
2442,AutoHotkey,2019,1,260
2443,QML,2019,1,259
2444,Common Lisp,2019,1,252
2445,Assembly,2019,1,249
2446,HCL,2019,1,235
2447,D,2019,1,225
2448,GLSL,2019,1,219
2449,Visual Basic .NET,2019,1,198
2450,Apex,2019,1,198
2451,Nim,2019,1,190
2452,PostScript,2019,1,169
2453,ASP,2019,1,169
2454,Cuda,2019,1,168
2455,Elm,2019,1,164
2456,Crystal,2019,1,160
2457,Scheme,2019,1,151
2458,Puppet,2019,1,148
2459,BitBake,2019,1,148
2460,SWIG,2019,1,129
2461,Batchfile,2019,1,120
2462,Standard ML,2019,1,115
2463,Gherkin,2019,1,112
2464,Rich Text Format,2019,1,112
2465,PureScript,2019,1,111
2466,UnrealScript,2019,1,106
2467,JavaScript,2019,2,142693
2468,Python,2019,2,116635
2469,Java,2019,2,88263
2470,TypeScript,2019,2,62411
2471,Go,2019,2,61182
2472,C++,2019,2,57253
2473,PHP,2019,2,50655
2474,C#,2019,2,43028
2475,C,2019,2,27639
2476,Ruby,2019,2,19395
2477,Shell,2019,2,15360
2478,HTML,2019,2,12942
2479,Dart,2019,2,10153
2480,Swift,2019,2,10030
2481,Kotlin,2019,2,8676
2482,Objective-C,2019,2,7975
2483,CSS,2019,2,6106
2484,Scala,2019,2,5782
2485,Vue,2019,2,5424
2486,Rust,2019,2,5240
2487,Jupyter Notebook,2019,2,4606
2488,Lua,2019,2,3719
2489,Perl,2019,2,3015
2490,Groovy,2019,2,2558
2491,Elixir,2019,2,2501
2492,R,2019,2,2429
2493,Emacs Lisp,2019,2,2091
2494,Haskell,2019,2,1881
2495,PowerShell,2019,2,1818
2496,OCaml,2019,2,1779
2497,Vim script,2019,2,1595
2498,Nix,2019,2,1505
2499,CoffeeScript,2019,2,1483
2500,Clojure,2019,2,1444
2501,DM,2019,2,1175
2502,Jsonnet,2019,2,1151
2503,Dockerfile,2019,2,1142
2504,Erlang,2019,2,932
2505,F#,2019,2,828
2506,Makefile,2019,2,805
2507,Jinja,2019,2,753
2508,Vala,2019,2,680
2509,Smalltalk,2019,2,646
2510,MATLAB,2019,2,639
2511,PLpgSQL,2019,2,618
2512,Julia,2019,2,608
2513,TeX,2019,2,530
2514,Starlark,2019,2,494
2515,TSQL,2019,2,454
2516,Fortran,2019,2,424
2517,Perl 6,2019,2,374
2518,Pascal,2019,2,371
2519,CMake,2019,2,365
2520,Haxe,2019,2,338
2521,RobotFramework,2019,2,325
2522,PLSQL,2019,2,315
2523,SCSS,2019,2,311
2524,HCL,2019,2,309
2525,ColdFusion,2019,2,284
2526,Nunjucks,2019,2,277
2527,Raku,2019,2,272
2528,Rich Text Format,2019,2,241
2529,Common Lisp,2019,2,233
2530,GLSL,2019,2,229
2531,SourcePawn,2019,2,213
2532,ABAP,2019,2,207
2533,Roff,2019,2,203
2534,Assembly,2019,2,203
2535,Elm,2019,2,191
2536,PostScript,2019,2,185
2537,YAML,2019,2,178
2538,D,2019,2,176
2539,XSLT,2019,2,170
2540,Coq,2019,2,163
2541,Apex,2019,2,163
2542,Cuda,2019,2,159
2543,Nim,2019,2,157
2544,Visual Basic .NET,2019,2,151
2545,Matlab,2019,2,146
2546,Crystal,2019,2,142
2547,QML,2019,2,140
2548,PureScript,2019,2,139
2549,Scheme,2019,2,137
2550,Puppet,2019,2,134
2551,Standard ML,2019,2,129
2552,xBase,2019,2,128
2553,AutoHotkey,2019,2,128
2554,Visual Basic,2019,2,121
2555,Tcl,2019,2,121
2556,Batchfile,2019,2,118
2557,Smarty,2019,2,115
2558,SaltStack,2019,2,104
2559,UnrealScript,2019,2,100
2560,JavaScript,2019,3,126962
2561,Python,2019,3,108596
2562,Java,2019,3,84650
2563,TypeScript,2019,3,63144
2564,Go,2019,3,62669
2565,C++,2019,3,58385
2566,PHP,2019,3,44764
2567,C#,2019,3,41312
2568,C,2019,3,27777
2569,Ruby,2019,3,18069
2570,HTML,2019,3,14474
2571,Shell,2019,3,12842
2572,Dart,2019,3,11877
2573,Swift,2019,3,8128
2574,Kotlin,2019,3,8067
2575,Objective-C,2019,3,7793
2576,CSS,2019,3,5656
2577,Scala,2019,3,5404
2578,Rust,2019,3,4745
2579,Vue,2019,3,4735
2580,Lua,2019,3,3840
2581,Jupyter Notebook,2019,3,3578
2582,Perl,2019,3,2520
2583,Groovy,2019,3,2499
2584,R,2019,3,2291
2585,Emacs Lisp,2019,3,2093
2586,DM,2019,3,1703
2587,Haskell,2019,3,1698
2588,Nix,2019,3,1626
2589,OCaml,2019,3,1597
2590,PowerShell,2019,3,1537
2591,Elixir,2019,3,1439
2592,CoffeeScript,2019,3,1352
2593,Clojure,2019,3,1344
2594,Vim script,2019,3,1188
2595,Dockerfile,2019,3,1159
2596,Jsonnet,2019,3,1011
2597,Erlang,2019,3,986
2598,Julia,2019,3,986
2599,Makefile,2019,3,788
2600,Starlark,2019,3,724
2601,Smalltalk,2019,3,689
2602,Vala,2019,3,658
2603,F#,2019,3,626
2604,MATLAB,2019,3,547
2605,TeX,2019,3,484
2606,PLpgSQL,2019,3,471
2607,Nunjucks,2019,3,461
2608,HCL,2019,3,428
2609,Fortran,2019,3,427
2610,Jinja,2019,3,402
2611,TSQL,2019,3,374
2612,Roff,2019,3,365
2613,ActionScript,2019,3,365
2614,CMake,2019,3,364
2615,ColdFusion,2019,3,330
2616,Pascal,2019,3,312
2617,RobotFramework,2019,3,288
2618,Perl 6,2019,3,271
2619,SystemVerilog,2019,3,268
2620,Haxe,2019,3,268
2621,PostScript,2019,3,234
2622,xBase,2019,3,231
2623,PLSQL,2019,3,206
2624,SCSS,2019,3,205
2625,Rich Text Format,2019,3,204
2626,Common Lisp,2019,3,201
2627,XSLT,2019,3,200
2628,Raku,2019,3,199
2629,Nim,2019,3,188
2630,ABAP,2019,3,187
2631,GLSL,2019,3,186
2632,Cuda,2019,3,178
2633,QML,2019,3,176
2634,Visual Basic .NET,2019,3,167
2635,D,2019,3,167
2636,Assembly,2019,3,160
2637,Scheme,2019,3,156
2638,Apex,2019,3,153
2639,PureScript,2019,3,145
2640,BitBake,2019,3,133
2641,YAML,2019,3,123
2642,Batchfile,2019,3,123
2643,SourcePawn,2019,3,119
2644,Elm,2019,3,118
2645,Crystal,2019,3,113
2646,Visual Basic,2019,3,108
2647,AutoHotkey,2019,3,104
2648,Puppet,2019,3,100
2649,JavaScript,2019,4,116636
2650,Python,2019,4,107953
2651,Java,2019,4,80650
2652,TypeScript,2019,4,63034
2653,Go,2019,4,58892
2654,C++,2019,4,56278
2655,PHP,2019,4,44983
2656,C#,2019,4,42645
2657,C,2019,4,27855
2658,Ruby,2019,4,17556
2659,Dart,2019,4,16437
2660,Shell,2019,4,12789
2661,HTML,2019,4,11182
2662,Swift,2019,4,7907
2663,Kotlin,2019,4,7486
2664,Objective-C,2019,4,7088
2665,Rust,2019,4,5406
2666,Scala,2019,4,4721
2667,CSS,2019,4,4491
2668,Jupyter Notebook,2019,4,4056
2669,Vue,2019,4,3539
2670,Lua,2019,4,3012
2671,Perl,2019,4,2654
2672,Emacs Lisp,2019,4,2361
2673,Groovy,2019,4,2288
2674,Nix,2019,4,1980
2675,R,2019,4,1952
2676,Haskell,2019,4,1604
2677,DM,2019,4,1542
2678,PowerShell,2019,4,1497
2679,OCaml,2019,4,1412
2680,Clojure,2019,4,1399
2681,Dockerfile,2019,4,1277
2682,Vim script,2019,4,1187
2683,Elixir,2019,4,1106
2684,CoffeeScript,2019,4,1089
2685,Starlark,2019,4,920
2686,Julia,2019,4,855
2687,Makefile,2019,4,850
2688,Erlang,2019,4,778
2689,HCL,2019,4,733
2690,Jsonnet,2019,4,718
2691,F#,2019,4,596
2692,Vala,2019,4,591
2693,Nunjucks,2019,4,573
2694,PLpgSQL,2019,4,530
2695,MATLAB,2019,4,479
2696,Smalltalk,2019,4,450
2697,SystemVerilog,2019,4,422
2698,Pascal,2019,4,376
2699,TeX,2019,4,370
2700,Jinja,2019,4,350
2701,CMake,2019,4,324
2702,ColdFusion,2019,4,320
2703,Fortran,2019,4,309
2704,TSQL,2019,4,280
2705,Haxe,2019,4,276
2706,XSLT,2019,4,242
2707,Raku,2019,4,237
2708,YAML,2019,4,235
2709,Common Lisp,2019,4,228
2710,ABAP,2019,4,228
2711,SCSS,2019,4,224
2712,Standard ML,2019,4,202
2713,Nim,2019,4,198
2714,Apex,2019,4,194
2715,AutoHotkey,2019,4,194
2716,D,2019,4,193
2717,PLSQL,2019,4,172
2718,BitBake,2019,4,171
2719,xBase,2019,4,171
2720,QML,2019,4,153
2721,SourcePawn,2019,4,152
2722,SWIG,2019,4,152
2723,Crystal,2019,4,150
2724,GLSL,2019,4,148
2725,Assembly,2019,4,144
2726,Visual Basic,2019,4,140
2727,Roff,2019,4,139
2728,Batchfile,2019,4,137
2729,Visual Basic .NET,2019,4,130
2730,Scheme,2019,4,116
2731,Elm,2019,4,114
2732,Cuda,2019,4,110
2733,JavaScript,2020,1,113844
2734,Python,2020,1,113350
2735,Java,2020,1,79307
2736,TypeScript,2020,1,63649
2737,Go,2020,1,60657
2738,C++,2020,1,57767
2739,PHP,2020,1,46647
2740,C#,2020,1,38893
2741,C,2020,1,28949
2742,Ruby,2020,1,17439
2743,Dart,2020,1,15115
2744,Shell,2020,1,12559
2745,HTML,2020,1,11894
2746,Kotlin,2020,1,8540
2747,Swift,2020,1,7145
2748,Objective-C,2020,1,5685
2749,CSS,2020,1,5382
2750,Rust,2020,1,5058
2751,Scala,2020,1,4902
2752,Jupyter Notebook,2020,1,4341
2753,Lua,2020,1,4000
2754,Perl,2020,1,2748
2755,Vue,2020,1,2739
2756,Emacs Lisp,2020,1,2686
2757,Groovy,2020,1,2394
2758,R,2020,1,2017
2759,Nix,2020,1,1898
2760,Elixir,2020,1,1649
2761,Haskell,2020,1,1588
2762,Dockerfile,2020,1,1536
2763,Clojure,2020,1,1480
2764,DM,2020,1,1346
2765,OCaml,2020,1,1322
2766,PowerShell,2020,1,1311
2767,Vim script,2020,1,1256
2768,CoffeeScript,2020,1,1132
2769,Makefile,2020,1,1074
2770,Vala,2020,1,761
2771,Smalltalk,2020,1,673
2772,Julia,2020,1,667
2773,Erlang,2020,1,657
2774,Jsonnet,2020,1,627
2775,Nunjucks,2020,1,613
2776,TSQL,2020,1,542
2777,HCL,2020,1,539
2778,Starlark,2020,1,526
2779,F#,2020,1,516
2780,MATLAB,2020,1,501
2781,PLpgSQL,2020,1,483
2782,SystemVerilog,2020,1,483
2783,Jinja,2020,1,440
2784,TeX,2020,1,415
2785,SCSS,2020,1,402
2786,Fortran,2020,1,390
2787,ColdFusion,2020,1,359
2788,Pascal,2020,1,337
2789,CMake,2020,1,308
2790,Raku,2020,1,264
2791,Haxe,2020,1,256
2792,Standard ML,2020,1,256
2793,Nim,2020,1,208
2794,PLSQL,2020,1,206
2795,XSLT,2020,1,194
2796,SourcePawn,2020,1,193
2797,Assembly,2020,1,188
2798,QML,2020,1,187
2799,Common Lisp,2020,1,184
2800,YAML,2020,1,176
2801,AutoHotkey,2020,1,173
2802,RobotFramework,2020,1,172
2803,GLSL,2020,1,167
2804,SWIG,2020,1,164
2805,Crystal,2020,1,149
2806,Visual Basic .NET,2020,1,146
2807,Roff,2020,1,139
2808,F*,2020,1,139
2809,D,2020,1,135
2810,xBase,2020,1,127
2811,ABAP,2020,1,126
2812,Elm,2020,1,125
2813,Reason,2020,1,124
2814,BitBake,2020,1,121
2815,Scheme,2020,1,117
2816,Puppet,2020,1,110
2817,UnrealScript,2020,1,102
2818,Python,2020,2,130779
2819,JavaScript,2020,2,130010
2820,Java,2020,2,95035
2821,TypeScript,2020,2,71488
2822,Go,2020,2,68285
2823,C++,2020,2,67079
2824,PHP,2020,2,51279
2825,C,2020,2,41914
2826,C#,2020,2,41858
2827,Ruby,2020,2,17843
2828,Dart,2020,2,17099
2829,Shell,2020,2,14937
2830,HTML,2020,2,12128
2831,Kotlin,2020,2,11188
2832,Swift,2020,2,7915
2833,Objective-C,2020,2,6518
2834,Rust,2020,2,5857
2835,CSS,2020,2,5398
2836,Jupyter Notebook,2020,2,5316
2837,Scala,2020,2,5204
2838,Lua,2020,2,4129
2839,Vue,2020,2,3431
2840,Groovy,2020,2,3037
2841,Emacs Lisp,2020,2,2941
2842,Perl,2020,2,2907
2843,Nix,2020,2,2795
2844,R,2020,2,2777
2845,Elixir,2020,2,2017
2846,Haskell,2020,2,1889
2847,Vim script,2020,2,1519
2848,Clojure,2020,2,1516
2849,OCaml,2020,2,1492
2850,PowerShell,2020,2,1453
2851,CoffeeScript,2020,2,1315
2852,Dockerfile,2020,2,1168
2853,Smalltalk,2020,2,1110
2854,Makefile,2020,2,1054
2855,DM,2020,2,1043
2856,Vala,2020,2,867
2857,Erlang,2020,2,746
2858,Nunjucks,2020,2,682
2859,Julia,2020,2,678
2860,F#,2020,2,624
2861,Jsonnet,2020,2,620
2862,SCSS,2020,2,616
2863,Starlark,2020,2,612
2864,Fortran,2020,2,605
2865,MATLAB,2020,2,577
2866,HCL,2020,2,560
2867,SystemVerilog,2020,2,550
2868,ColdFusion,2020,2,533
2869,TeX,2020,2,481
2870,Pawn,2020,2,460
2871,Jinja,2020,2,453
2872,PLpgSQL,2020,2,418
2873,Pascal,2020,2,400
2874,Haxe,2020,2,383
2875,TSQL,2020,2,314
2876,Roff,2020,2,288
2877,SourcePawn,2020,2,276
2878,Scheme,2020,2,272
2879,YAML,2020,2,267
2880,Common Lisp,2020,2,265
2881,CMake,2020,2,259
2882,Raku,2020,2,257
2883,Nim,2020,2,245
2884,Assembly,2020,2,239
2885,Standard ML,2020,2,226
2886,Elm,2020,2,213
2887,XSLT,2020,2,211
2888,GLSL,2020,2,211
2889,BitBake,2020,2,209
2890,ABAP,2020,2,208
2891,Crystal,2020,2,207
2892,CodeQL,2020,2,197
2893,QML,2020,2,193
2894,Reason,2020,2,182
2895,D,2020,2,180
2896,Visual Basic .NET,2020,2,165
2897,xBase,2020,2,152
2898,Apex,2020,2,146
2899,SWIG,2020,2,144
2900,Cuda,2020,2,136
2901,PLSQL,2020,2,135
2902,Batchfile,2020,2,120
2903,AutoHotkey,2020,2,120
2904,Verilog,2020,2,107
2905,F*,2020,2,106
2906,Tcl,2020,2,101
2907,Python,2020,3,111855
2908,JavaScript,2020,3,99493
2909,Java,2020,3,81529
2910,Go,2020,3,63712
2911,TypeScript,2020,3,59676
2912,C++,2020,3,56178
2913,PHP,2020,3,40211
2914,C#,2020,3,35531
2915,C,2020,3,27170
2916,Dart,2020,3,15461
2917,Ruby,2020,3,15347
2918,Shell,2020,3,11796
2919,HTML,2020,3,9556
2920,Kotlin,2020,3,8041
2921,Swift,2020,3,6257
2922,Objective-C,2020,3,5158
2923,Rust,2020,3,4725
2924,Scala,2020,3,4266
2925,CSS,2020,3,4083
2926,Jupyter Notebook,2020,3,4052
2927,Lua,2020,3,3637
2928,Groovy,2020,3,2737
2929,Vue,2020,3,2661
2930,Emacs Lisp,2020,3,2238
2931,Perl,2020,3,2179
2932,R,2020,3,2129
2933,Nix,2020,3,1940
2934,Clojure,2020,3,1534
2935,Haskell,2020,3,1384
2936,DM,2020,3,1253
2937,OCaml,2020,3,1177
2938,Vim script,2020,3,1175
2939,PowerShell,2020,3,1152
2940,Makefile,2020,3,1086
2941,Dockerfile,2020,3,996
2942,CoffeeScript,2020,3,969
2943,Smalltalk,2020,3,857
2944,Elixir,2020,3,744
2945,Erlang,2020,3,728
2946,Starlark,2020,3,659
2947,SystemVerilog,2020,3,648
2948,ColdFusion,2020,3,615
2949,SCSS,2020,3,584
2950,MATLAB,2020,3,561
2951,HCL,2020,3,560
2952,PLpgSQL,2020,3,508
2953,Nunjucks,2020,3,506
2954,Vala,2020,3,506
2955,Jsonnet,2020,3,435
2956,Fortran,2020,3,435
2957,Julia,2020,3,410
2958,Jinja,2020,3,400
2959,TeX,2020,3,387
2960,Pascal,2020,3,376
2961,F#,2020,3,314
2962,ABAP,2020,3,300
2963,Roff,2020,3,289
2964,Verilog,2020,3,254
2965,Haxe,2020,3,250
2966,Assembly,2020,3,228
2967,CMake,2020,3,214
2968,CodeQL,2020,3,190
2969,Standard ML,2020,3,189
2970,TSQL,2020,3,182
2971,Visual Basic .NET,2020,3,182
2972,AutoHotkey,2020,3,179
2973,Common Lisp,2020,3,176
2974,Puppet,2020,3,175
2975,YAML,2020,3,173
2976,xBase,2020,3,160
2977,XSLT,2020,3,158
2978,Raku,2020,3,157
2979,Nim,2020,3,152
2980,PLSQL,2020,3,145
2981,Rich Text Format,2020,3,145
2982,GLSL,2020,3,142
2983,D,2020,3,136
2984,QML,2020,3,136
2985,BitBake,2020,3,133
2986,SourcePawn,2020,3,128
2987,Crystal,2020,3,116
2988,Elm,2020,3,115
2989,Scheme,2020,3,108
2990,Pawn,2020,3,103
2991,Cuda,2020,3,102
2992,SWIG,2020,3,100
2993,Python,2020,4,101529
2994,JavaScript,2020,4,94999
2995,Java,2020,4,71591
2996,TypeScript,2020,4,59135
2997,Go,2020,4,54036
2998,C++,2020,4,53876
2999,PHP,2020,4,41255
3000,C#,2020,4,35668
3001,C,2020,4,26721
3002,Ruby,2020,4,15203
3003,Dart,2020,4,13641
3004,Shell,2020,4,11826
3005,Jinja,2020,4,10757
3006,HTML,2020,4,9764
3007,Kotlin,2020,4,7717
3008,Swift,2020,4,5523
3009,Objective-C,2020,4,4829
3010,Rust,2020,4,4512
3011,Scala,2020,4,4334
3012,Lua,2020,4,3879
3013,CSS,2020,4,3859
3014,Jupyter Notebook,2020,4,3359
3015,Nix,2020,4,2684
3016,Emacs Lisp,2020,4,2662
3017,Vue,2020,4,2580
3018,Perl,2020,4,2286
3019,Groovy,2020,4,2125
3020,R,2020,4,1639
3021,Haskell,2020,4,1482
3022,CoffeeScript,2020,4,1319
3023,Elixir,2020,4,1302
3024,DM,2020,4,1288
3025,OCaml,2020,4,1214
3026,PowerShell,2020,4,1107
3027,Vim script,2020,4,1044
3028,Clojure,2020,4,1001
3029,Dockerfile,2020,4,993
3030,Makefile,2020,4,962
3031,Nunjucks,2020,4,794
3032,Smalltalk,2020,4,790
3033,Starlark,2020,4,781
3034,Erlang,2020,4,749
3035,F#,2020,4,718
3036,SCSS,2020,4,636
3037,SystemVerilog,2020,4,635
3038,Vala,2020,4,624
3039,MATLAB,2020,4,611
3040,PLpgSQL,2020,4,574
3041,Julia,2020,4,533
3042,HCL,2020,4,498
3043,ColdFusion,2020,4,392
3044,Pascal,2020,4,391
3045,TeX,2020,4,373
3046,Fortran,2020,4,360
3047,Jsonnet,2020,4,354
3048,TSQL,2020,4,317
3049,Assembly,2020,4,253
3050,D,2020,4,234
3051,Raku,2020,4,226
3052,Nim,2020,4,220
3053,Standard ML,2020,4,204
3054,Verilog,2020,4,194
3055,QML,2020,4,186
3056,CodeQL,2020,4,181
3057,Common Lisp,2020,4,178
3058,AutoHotkey,2020,4,178
3059,Visual Basic .NET,2020,4,177
3060,PureScript,2020,4,172
3061,XSLT,2020,4,172
3062,CMake,2020,4,168
3063,Cuda,2020,4,166
3064,SourcePawn,2020,4,145
3065,SWIG,2020,4,144
3066,Haxe,2020,4,140
3067,Pawn,2020,4,136
3068,Rich Text Format,2020,4,121
3069,Forth,2020,4,121
3070,GLSL,2020,4,119
3071,YAML,2020,4,119
3072,Elm,2020,4,109
3073,Smarty,2020,4,107
3074,xBase,2020,4,104
3075,Gherkin,2020,4,101
3076,Python,2021,1,99287
3077,JavaScript,2021,1,86877
3078,Java,2021,1,68137
3079,TypeScript,2021,1,54880
3080,Go,2021,1,50603
3081,C++,2021,1,50471
3082,PHP,2021,1,37100
3083,C#,2021,1,32956
3084,C,2021,1,28092
3085,Ruby,2021,1,16102
3086,Dart,2021,1,13973
3087,Shell,2021,1,11162
3088,HTML,2021,1,8571
3089,Kotlin,2021,1,5633
3090,Swift,2021,1,4723
3091,Rust,2021,1,4182
3092,Scala,2021,1,3850
3093,Objective-C,2021,1,3687
3094,CSS,2021,1,3516
3095,Jupyter Notebook,2021,1,3465
3096,Lua,2021,1,2892
3097,Emacs Lisp,2021,1,2207
3098,Nix,2021,1,2142
3099,Perl,2021,1,2121
3100,Groovy,2021,1,1989
3101,Vue,2021,1,1918
3102,R,2021,1,1616
3103,Haskell,2021,1,1349
3104,DM,2021,1,1143
3105,PowerShell,2021,1,1076
3106,OCaml,2021,1,924
3107,Vim script,2021,1,872
3108,Clojure,2021,1,864
3109,CoffeeScript,2021,1,856
3110,Dockerfile,2021,1,841
3111,Erlang,2021,1,839
3112,Makefile,2021,1,783
3113,Elixir,2021,1,773
3114,Nunjucks,2021,1,752
3115,Starlark,2021,1,738
3116,SystemVerilog,2021,1,690
3117,PLpgSQL,2021,1,678
3118,ColdFusion,2021,1,618
3119,F#,2021,1,570
3120,HCL,2021,1,552
3121,SCSS,2021,1,533
3122,MATLAB,2021,1,509
3123,Smalltalk,2021,1,505
3124,Vala,2021,1,473
3125,TeX,2021,1,432
3126,Jsonnet,2021,1,418
3127,Jinja,2021,1,398
3128,Pascal,2021,1,374
3129,Julia,2021,1,363
3130,TSQL,2021,1,350
3131,Fortran,2021,1,339
3132,Nim,2021,1,308
3133,Roff,2021,1,278
3134,CodeQL,2021,1,255
3135,Assembly,2021,1,250
3136,Coq,2021,1,221
3137,Visual Basic .NET,2021,1,208
3138,CMake,2021,1,186
3139,Verilog,2021,1,183
3140,Common Lisp,2021,1,181
3141,SourcePawn,2021,1,172
3142,XSLT,2021,1,165
3143,Standard ML,2021,1,153
3144,Haxe,2021,1,149
3145,AutoHotkey,2021,1,147
3146,YAML,2021,1,131
3147,D,2021,1,129
3148,UnrealScript,2021,1,120
3149,QML,2021,1,118
3150,Raku,2021,1,115
3151,Crystal,2021,1,113
3152,SWIG,2021,1,103
3153,Scheme,2021,1,103
3154,GLSL,2021,1,101
3155,Python,2021,2,85788
3156,JavaScript,2021,2,73535
3157,Java,2021,2,63982
3158,TypeScript,2021,2,52747
3159,Go,2021,2,44847
3160,C++,2021,2,44739
3161,PHP,2021,2,29955
3162,C#,2021,2,26032
3163,C,2021,2,23645
3164,Ruby,2021,2,13470
3165,Dart,2021,2,13126
3166,Shell,2021,2,9207
3167,HTML,2021,2,7067
3168,Kotlin,2021,2,5046
3169,Scala,2021,2,4143
3170,Swift,2021,2,3938
3171,Rust,2021,2,3688
3172,Objective-C,2021,2,3133
3173,Jupyter Notebook,2021,2,2940
3174,CSS,2021,2,2613
3175,Lua,2021,2,2591
3176,Nix,2021,2,2066
3177,Perl,2021,2,1839
3178,Groovy,2021,2,1819
3179,R,2021,2,1681
3180,Emacs Lisp,2021,2,1627
3181,Vue,2021,2,1325
3182,OCaml,2021,2,1237
3183,Haskell,2021,2,1185
3184,Vim script,2021,2,964
3185,DM,2021,2,887
3186,Clojure,2021,2,847
3187,PowerShell,2021,2,845
3188,Erlang,2021,2,744
3189,Starlark,2021,2,725
3190,Dockerfile,2021,2,721
3191,Makefile,2021,2,689
3192,CoffeeScript,2021,2,668
3193,Elixir,2021,2,667
3194,SystemVerilog,2021,2,664
3195,MATLAB,2021,2,571
3196,HCL,2021,2,543
3197,Smalltalk,2021,2,511
3198,Nunjucks,2021,2,503
3199,Vala,2021,2,489
3200,SCSS,2021,2,462
3201,Julia,2021,2,442
3202,ColdFusion,2021,2,401
3203,PLpgSQL,2021,2,390
3204,Fortran,2021,2,361
3205,Pascal,2021,2,348
3206,TeX,2021,2,344
3207,Jinja,2021,2,331
3208,Jsonnet,2021,2,331
3209,F#,2021,2,329
3210,Assembly,2021,2,238
3211,Nim,2021,2,233
3212,xBase,2021,2,227
3213,Visual Basic .NET,2021,2,211
3214,TSQL,2021,2,210
3215,Verilog,2021,2,204
3216,CodeQL,2021,2,195
3217,XSLT,2021,2,157
3218,Cuda,2021,2,148
3219,Common Lisp,2021,2,147
3220,Raku,2021,2,140
3221,YAML,2021,2,124
3222,Standard ML,2021,2,121
3223,QML,2021,2,115
3224,SWIG,2021,2,112
3225,CMake,2021,2,109
3226,Coq,2021,2,108
3227,D,2021,2,107
3228,Python,2021,3,80105
3229,JavaScript,2021,3,64938
3230,Java,2021,3,55137
3231,TypeScript,2021,3,47629
3232,Go,2021,3,45439
3233,C++,2021,3,41182
3234,PHP,2021,3,28113
3235,C#,2021,3,23952
3236,C,2021,3,21624
3237,Dart,2021,3,11041
3238,Ruby,2021,3,10343
3239,Shell,2021,3,8626
3240,HTML,2021,3,6683
3241,Kotlin,2021,3,4935
3242,Swift,2021,3,3626
3243,Objective-C,2021,3,3084
3244,Rust,2021,3,3063
3245,Scala,2021,3,2864
3246,CSS,2021,3,2611
3247,Jupyter Notebook,2021,3,2433
3248,Lua,2021,3,2262
3249,Nix,2021,3,1965
3250,Groovy,2021,3,1775
3251,Emacs Lisp,2021,3,1689
3252,Perl,2021,3,1649
3253,R,2021,3,1419
3254,OCaml,2021,3,1214
3255,Vue,2021,3,1098
3256,Haskell,2021,3,1022
3257,DM,2021,3,1001
3258,Vim script,2021,3,878
3259,Dockerfile,2021,3,781
3260,Clojure,2021,3,713
3261,Elixir,2021,3,654
3262,SystemVerilog,2021,3,642
3263,CoffeeScript,2021,3,611
3264,Smalltalk,2021,3,604
3265,PowerShell,2021,3,601
3266,Erlang,2021,3,593
3267,Makefile,2021,3,567
3268,Vala,2021,3,554
3269,ColdFusion,2021,3,546
3270,Nunjucks,2021,3,536
3271,Starlark,2021,3,514
3272,F#,2021,3,496
3273,SCSS,2021,3,484
3274,PLpgSQL,2021,3,452
3275,HCL,2021,3,375
3276,MATLAB,2021,3,346
3277,TeX,2021,3,318
3278,Julia,2021,3,315
3279,Pascal,2021,3,301
3280,Jinja,2021,3,264
3281,Assembly,2021,3,255
3282,Fortran,2021,3,243
3283,Visual Basic .NET,2021,3,228
3284,CodeQL,2021,3,227
3285,Jsonnet,2021,3,214
3286,TSQL,2021,3,209
3287,Verilog,2021,3,199
3288,YAML,2021,3,152
3289,xBase,2021,3,149
3290,Standard ML,2021,3,148
3291,Nim,2021,3,147
3292,Haxe,2021,3,135
3293,QML,2021,3,129
3294,Common Lisp,2021,3,127
3295,Cuda,2021,3,124
3296,CMake,2021,3,118
3297,Raku,2021,3,103
3298,XSLT,2021,3,101
3299,Python,2021,4,62837
3300,JavaScript,2021,4,50087
3301,Java,2021,4,41447
3302,TypeScript,2021,4,35268
3303,Go,2021,4,32074
3304,C++,2021,4,32061
3305,PHP,2021,4,22317
3306,C#,2021,4,19238
3307,C,2021,4,16907
3308,Ruby,2021,4,8319
3309,Shell,2021,4,8041
3310,Dart,2021,4,7782
3311,HTML,2021,4,5050
3312,Kotlin,2021,4,3586
3313,Swift,2021,4,2766
3314,Rust,2021,4,2653
3315,Objective-C,2021,4,2328
3316,Scala,2021,4,2208
3317,Jupyter Notebook,2021,4,1951
3318,Nix,2021,4,1907
3319,CSS,2021,4,1775
3320,Lua,2021,4,1471
3321,DM,2021,4,1404
3322,Groovy,2021,4,1397
3323,Emacs Lisp,2021,4,1326
3324,Perl,2021,4,1283
3325,Haskell,2021,4,1043
3326,R,2021,4,1017
3327,OCaml,2021,4,844
3328,Dockerfile,2021,4,700
3329,Vue,2021,4,689
3330,Elixir,2021,4,631
3331,Clojure,2021,4,587
3332,SystemVerilog,2021,4,534
3333,Erlang,2021,4,517
3334,Vim script,2021,4,512
3335,Pascal,2021,4,507
3336,Makefile,2021,4,505
3337,Nunjucks,2021,4,468
3338,Starlark,2021,4,453
3339,Smalltalk,2021,4,437
3340,SCSS,2021,4,423
3341,PowerShell,2021,4,421
3342,ColdFusion,2021,4,417
3343,CoffeeScript,2021,4,378
3344,Vala,2021,4,367
3345,PLpgSQL,2021,4,354
3346,TeX,2021,4,338
3347,MATLAB,2021,4,308
3348,HCL,2021,4,307
3349,F#,2021,4,303
3350,Jinja,2021,4,299
3351,Julia,2021,4,257
3352,Less,2021,4,242
3353,Visual Basic .NET,2021,4,228
3354,Common Lisp,2021,4,212
3355,Fortran,2021,4,208
3356,Assembly,2021,4,180
3357,Verilog,2021,4,180
3358,CodeQL,2021,4,168
3359,Roff,2021,4,159
3360,xBase,2021,4,156
3361,Nim,2021,4,153
3362,TSQL,2021,4,119
3363,QML,2021,4,118
3364,Haxe,2021,4,106
3365,SourcePawn,2021,4,106
3366,Python,2022,1,411
3367,Java,2022,1,302
3368,C++,2022,1,283
3369,JavaScript,2022,1,220
3370,Go,2022,1,204
3371,PHP,2022,1,173
3372,TypeScript,2022,1,169
3373,C,2022,1,151
3374,C#,2022,1,148
